Transitioning to state INITIALIZE
Transitioning to state 12V_REG_ENABLE
Transitioning to state DELAY [500]
Transitioning to state ELECTROMETER_ENABLE
Transitioning to state DELAY [3000]
0, 0, 1475, 315766, 616, 512.607, 412, 0.670
125044, 1, 1600, 316257, 617, 512.572, 393, 0.638
125064, 2, 1725, 315791, 616, 512.648, 418, 0.680
125136, 3, 1850, 316309, 617, 512.656, 445, 0.722
124968, 4, 1975, 315807, 616, 512.674, 467, 0.759
125124, 5, 2100, 316332, 617, 512.694, 468, 0.760
125016, 6, 2225, 315785, 616, 512.638, 411, 0.668
125068, 7, 2351, 316312, 617, 512.661, 439, 0.713
125136, 0, 2476, 316308, 617, 512.655, 472, 0.766
125048, 1, 2600, 316266, 617, 512.587, 387, 0.628
125020, 2, 2725, 316320, 617, 512.674, 463, 0.752
125048, 3, 2850, 316299, 617, 512.640, 446, 0.724
125060, 4, 2975, 316313, 617, 512.663, 494, 0.802
125104, 5, 3100, 316357, 617, 512.734, 549, 0.891
125084, 6, 3226, 316273, 617, 512.598, 413, 0.670
125008, 7, 3351, 316297, 617, 512.637, 396, 0.643
125120, 0, 3476, 316297, 617, 512.637, 396, 0.643
125044, 1, 3601, 316768, 618, 512.570, 412, 0.668
125072, 2, 3726, 316313, 617, 512.663, 428, 0.695
125084, 3, 3851, 316759, 618, 512.555, 371, 0.601
124976, 4, 3976, 316308, 617, 512.655, 449, 0.729
125128, 5, 4102, 316365, 617, 512.747, 560, 0.909
124984, 6, 4227, 316265, 617, 512.585, 411, 0.667
Transitioning to state COAST_TRIGGER_WAIT
125124, 7, 4352, 315795, 616, 512.654, 408, 0.663
125056, 0, 4476, 316824, 618, 512.660, 492, 0.797
125076, 1, 4601, 316288, 617, 512.622, 392, 0.636
125020, 2, 4726, 316315, 617, 512.666, 454, 0.737
125088, 3, 4851, 316313, 617, 512.663, 459, 0.745
125064, 4, 4976, 316306, 617, 512.651, 462, 0.750
125100, 5, 5102, 316329, 617, 512.689, 481, 0.781
125060, 6, 5227, 316804, 618, 512.628, 392, 0.635
124984, 7, 5352, 316278, 617, 512.606, 446, 0.724
125068, 0, 5477, 316278, 617, 512.606, 435, 0.706
125096, 1, 5602, 315722, 616, 512.536, 364, 0.592
125100, 2, 5727, 316846, 618, 512.696, 505, 0.818
124992, 3, 5852, 316257, 617, 512.572, 370, 0.601
125092, 4, 5977, 316318, 617, 512.671, 493, 0.800
125100, 5, 6103, 314833, 614, 512.757, 558, 0.910
125048, 6, 6227, 316306, 617, 512.652, 428, 0.695
125052, 7, 6352, 316286, 617, 512.619, 400, 0.649
125060, 0, 6477, 316802, 618, 512.624, 433, 0.702
125096, 1, 6602, 316770, 618, 512.573, 408, 0.661
125020, 2, 6727, 316305, 617, 512.650, 481, 0.781
125052, 3, 6852, 315798, 616, 512.659, 445, 0.724
125068, 4, 6977, 316318, 617, 512.671, 472, 0.766
125064, 5, 7103, 316864, 618, 512.725, 557, 0.903
125020, 6, 7228, 315797, 616, 512.657, 443, 0.720
125084, 7, 7353, 316293, 617, 512.630, 456, 0.740
125088, 0, 7478, 315793, 616, 512.651, 444, 0.722
125108, 1, 7603, 316773, 618, 512.578, 405, 0.656
125024, 2, 7728, 316316, 617, 512.668, 471, 0.765
125092, 3, 7853, 316783, 618, 512.594, 404, 0.655
125004, 4, 7979, 316304, 617, 512.648, 448, 0.727
125072, 5, 8103, 316350, 617, 512.723, 526, 0.854
125076, 6, 8228, 316290, 617, 512.625, 417, 0.677
Transitioning to state DELAY [1000]
125084, 7, 8353, 316794, 618, 512.612, 389, 0.630
125072, 0, 8478, 316308, 617, 512.655, 450, 0.731
125000, 1, 8603, 316285, 617, 512.617, 412, 0.669
125120, 2, 8728, 316304, 617, 512.648, 428, 0.695
125072, 3, 8854, 316805, 618, 512.629, 461, 0.747
125068, 4, 8979, 316831, 618, 512.671, 492, 0.797
125028, 5, 9104, 315339, 615, 512.747, 581, 0.946
125024, 6, 9229, 316303, 617, 512.647, 455, 0.739
125108, 7, 9354, 315787, 616, 512.641, 414, 0.673
Transitioning to state COAST_TRIGGER_VERIFY
Transitioning to state DELAY [1000]
125008, 0, 9479, 316315, 617, 512.666, 458, 0.744
125116, 1, 9604, 316229, 617, 512.527, 341, 0.554
125088, 2, 9729, 316839, 618, 512.684, 483, 0.783
125012, 3, 9854, 316268, 617, 512.590, 461, 0.748
125080, 4, 9979, 316317, 617, 512.669, 495, 0.804
125084, 5, 10104, 316355, 617, 512.731, 553, 0.898
125048, 6, 10229, 316789, 618, 512.604, 433, 0.702
125068, 7, 10354, 316322, 617, 512.678, 501, 0.813
Transitioning to state HV_REG_ENABLE
Transitioning to state DELAY [15000]
125008, 0, 10479, 316310, 617, 512.658, 475, 0.771
125084, 1, 10604, 315761, 616, 512.599, 386, 0.628
125120, 2, 10729, 316829, 618, 512.668, 464, 0.752
125040, 3, 10855, 316784, 618, 512.596, 418, 0.677
125016, 4, 10980, 316296, 617, 512.636, 452, 0.734
125096, 5, 11105, 316323, 617, 512.679, 461, 0.748
125036, 6, 11230, 316274, 617, 512.600, 397, 0.644
125120, 7, 11355, 316282, 617, 512.613, 408, 0.662
125036, 0, 11480, 316809, 618, 512.636, 471, 0.763
125096, 1, 11604, 316265, 617, 512.585, 396, 0.643
125044, 2, 11730, 316308, 617, 512.655, 458, 0.744
125020, 3, 11855, 315784, 616, 512.636, 415, 0.675
125100, 4, 11980, 316301, 617, 512.644, 443, 0.719
125076, 5, 12105, 316856, 618, 512.712, 511, 0.828
125036, 6, 12230, 316281, 617, 512.611, 424, 0.688
125020, 7, 12355, 316303, 617, 512.647, 453, 0.735
125136, 0, 12480, 316296, 617, 512.635, 457, 0.742
124980, 1, 12605, 316268, 617, 512.590, 399, 0.648
125088, 2, 12731, 316300, 617, 512.642, 443, 0.719
125084, 3, 12856, 316264, 617, 512.583, 409, 0.664
125088, 4, 12981, 316297, 617, 512.637, 429, 0.696
125068, 5, 13106, 316325, 617, 512.682, 485, 0.787
125060, 6, 13231, 316305, 617, 512.650, 413, 0.670
124980, 7, 13356, 316801, 618, 512.623, 467, 0.757
125144, 0, 13480, 316317, 617, 512.669, 508, 0.825
125040, 1, 13605, 316774, 618, 512.579, 400, 0.648
125072, 2, 13731, 316327, 617, 512.686, 476, 0.773
125004, 3, 13856, 316243, 617, 512.549, 377, 0.612
125072, 4, 13981, 316289, 617, 512.624, 425, 0.690
125052, 5, 14106, 316345, 617, 512.715, 507, 0.823
125152, 6, 14231, 316264, 617, 512.583, 376, 0.610
125036, 7, 14356, 316265, 617, 512.585, 435, 0.706
125036, 0, 14481, 316287, 617, 512.620, 407, 0.661
125020, 1, 14606, 315737, 616, 512.560, 401, 0.652
125140, 2, 14732, 316796, 618, 512.615, 441, 0.715
125080, 3, 14857, 316296, 617, 512.635, 450, 0.731
124968, 4, 14982, 315764, 616, 512.604, 386, 0.628
125152, 5, 15107, 316830, 618, 512.670, 500, 0.810
125036, 6, 15232, 316778, 618, 512.586, 408, 0.661
125060, 7, 15356, 316274, 617, 512.600, 416, 0.675
125012, 0, 15481, 316271, 617, 512.595, 417, 0.677
125088, 1, 15607, 315747, 616, 512.576, 378, 0.615
125108, 2, 15732, 316786, 618, 512.599, 436, 0.707
125024, 3, 15857, 316275, 617, 512.601, 390, 0.633
125076, 4, 15982, 316779, 618, 512.587, 415, 0.673
125024, 5, 16107, 316335, 617, 512.698, 483, 0.784
125048, 6, 16232, 316265, 617, 512.585, 439, 0.713
125092, 7, 16357, 316243, 617, 512.549, 387, 0.628
125116, 0, 16483, 316814, 618, 512.644, 420, 0.681
124992, 1, 16608, 316220, 617, 512.512, 397, 0.644
125140, 2, 16733, 316808, 618, 512.634, 455, 0.737
125060, 3, 16858, 316276, 617, 512.603, 390, 0.633
125068, 4, 16983, 316258, 617, 512.574, 382, 0.620
125048, 5, 17107, 316822, 618, 512.657, 482, 0.781
125004, 6, 17232, 315749, 616, 512.579, 378, 0.615
125116, 7, 17357, 316284, 617, 512.616, 400, 0.649
125032, 0, 17483, 315776, 616, 512.623, 455, 0.740
125072, 1, 17608, 316268, 617, 512.590, 380, 0.617
125092, 2, 17733, 316294, 617, 512.632, 398, 0.646
125036, 3, 17858, 316303, 617, 512.647, 450, 0.731
125036, 4, 17983, 315781, 616, 512.631, 395, 0.642
125032, 5, 18108, 316328, 617, 512.687, 487, 0.791
125076, 6, 18233, 315781, 616, 512.631, 403, 0.655
125124, 7, 18358, 316827, 618, 512.665, 443, 0.718
124996, 0, 18484, 316292, 617, 512.629, 476, 0.773
125124, 1, 18609, 316277, 617, 512.605, 398, 0.646
125028, 2, 18734, 316316, 617, 512.668, 473, 0.768
125060, 3, 18859, 316250, 617, 512.561, 359, 0.583
125068, 4, 18983, 316300, 617, 512.642, 404, 0.656
125072, 5, 19108, 316291, 617, 512.627, 404, 0.656
125056, 6, 19233, 316276, 617, 512.603, 388, 0.630
125052, 7, 19358, 316288, 617, 512.622, 404, 0.656
125052, 0, 19484, 316273, 617, 512.598, 419, 0.680
125080, 1, 19609, 316235, 617, 512.536, 385, 0.625
125044, 2, 19734, 316286, 617, 512.619, 410, 0.666
125076, 3, 19859, 315795, 616, 512.654, 441, 0.717
125076, 4, 19984, 316273, 617, 512.598, 407, 0.661
125024, 5, 20109, 315785, 616, 512.638, 407, 0.662
125064, 6, 20234, 316288, 617, 512.622, 395, 0.641
125128, 7, 20360, 316250, 617, 512.561, 386, 0.627
125008, 0, 20485, 316280, 617, 512.610, 422, 0.685
125068, 1, 20610, 315734, 616, 512.555, 408, 0.663
125100, 2, 20734, 316300, 617, 512.642, 409, 0.664
125080, 3, 20859, 316287, 617, 512.621, 423, 0.687
125052, 4, 20984, 316791, 618, 512.607, 414, 0.671
125068, 5, 21109, 316293, 617, 512.631, 427, 0.693
125076, 6, 21235, 316264, 617, 512.583, 385, 0.625
124972, 7, 21360, 315733, 616, 512.554, 365, 0.593
125136, 0, 21485, 316778, 618, 512.585, 382, 0.619
125060, 1, 21610, 316238, 617, 512.541, 352, 0.571
125028, 2, 21735, 316319, 617, 512.673, 455, 0.739
125108, 3, 21860, 316261, 617, 512.579, 379, 0.615
124988, 4, 21985, 316315, 617, 512.666, 467, 0.758
125068, 5, 22110, 316283, 617, 512.614, 405, 0.657
125136, 6, 22236, 316268, 617, 512.590, 440, 0.714
125056, 7, 22361, 316803, 618, 512.626, 459, 0.744
125044, 0, 22486, 316285, 617, 512.617, 426, 0.692
125084, 1, 22610, 316743, 618, 512.529, 363, 0.588
124976, 2, 22735, 316288, 617, 512.622, 422, 0.685
125128, 3, 22860, 316283, 617, 512.614, 395, 0.641
125064, 4, 22985, 316293, 617, 512.630, 434, 0.705
125028, 5, 23110, 316299, 617, 512.640, 473, 0.768
125056, 6, 23236, 316267, 617, 512.588, 411, 0.667
125084, 7, 23361, 316792, 618, 512.608, 430, 0.697
125092, 0, 23486, 316280, 617, 512.609, 397, 0.644
125052, 1, 23611, 316239, 617, 512.543, 367, 0.596
125008, 2, 23736, 315799, 616, 512.661, 490, 0.797
125096, 3, 23861, 316252, 617, 512.564, 378, 0.614
125032, 4, 23986, 316271, 617, 512.595, 394, 0.640
125120, 5, 24112, 316797, 618, 512.617, 447, 0.724
125048, 6, 24237, 316275, 617, 512.602, 395, 0.641
125068, 7, 24361, 316271, 617, 512.595, 398, 0.646
125092, 0, 24486, 316262, 617, 512.580, 373, 0.606
125040, 1, 24611, 316767, 618, 512.568, 389, 0.630
125052, 2, 24736, 316269, 617, 512.591, 398, 0.646
125092, 3, 24861, 316259, 617, 512.576, 379, 0.615
125028, 4, 24986, 316311, 617, 512.659, 505, 0.820
125104, 5, 25112, 316325, 617, 512.682, 491, 0.797
125044, 6, 25237, 316792, 618, 512.608, 447, 0.724
125080, 7, 25362, 316258, 617, 512.574, 401, 0.651
Transitioning to state STEPPER_RUN_OPENED
Transitioning to state STEPPER_RUN
Running stepper in opened direction
124992, 0, 25487, 292172, 570, 512.582, 370, 0.650
125128, 1, 25612, 291663, 569, 512.589, 341, 0.600
125072, 2, 25737, 292684, 571, 512.581, 374, 0.656
124996, 3, 25862, 292200, 570, 512.632, 400, 0.703
125128, 4, 25987, 292700, 571, 512.609, 374, 0.656
125052, 5, 26113, 292171, 570, 512.581, 359, 0.631
125032, 6, 26237, 291644, 569, 512.555, 335, 0.590
125096, 7, 26362, 292142, 570, 512.530, 331, 0.582
125028, 0, 26487, 292203, 570, 512.637, 443, 0.779
125116, 1, 26612, 292156, 570, 512.554, 368, 0.647
124984, 2, 26737, 291686, 569, 512.629, 406, 0.715
125096, 3, 26862, 292160, 570, 512.561, 366, 0.643
125068, 4, 26988, 291687, 569, 512.631, 378, 0.665
125076, 5, 27113, 292704, 571, 512.616, 377, 0.661
125016, 6, 27238, 291650, 569, 512.566, 363, 0.639
125096, 7, 27363, 292175, 570, 512.588, 376, 0.661
125040, 0, 27488, 291684, 569, 512.626, 421, 0.741
125100, 1, 27613, 292141, 570, 512.528, 341, 0.599
124996, 2, 27738, 292206, 570, 512.642, 420, 0.738
125116, 3, 27863, 292172, 570, 512.582, 355, 0.624
125104, 4, 27988, 292212, 570, 512.652, 412, 0.724
125036, 5, 28113, 292180, 570, 512.596, 374, 0.657
125028, 6, 28238, 291637, 569, 512.543, 346, 0.609
125060, 7, 28363, 292683, 571, 512.580, 340, 0.596
125092, 0, 28488, 292204, 570, 512.639, 416, 0.731
125040, 1, 28613, 292182, 570, 512.600, 394, 0.692
125120, 2, 28738, 292188, 570, 512.611, 388, 0.682
125016, 3, 28863, 292201, 570, 512.634, 423, 0.743
125052, 4, 28989, 292721, 571, 512.646, 435, 0.763
125092, 5, 29114, 292222, 570, 512.670, 452, 0.794
125048, 6, 29239, 292196, 570, 512.625, 393, 0.691
125048, 7, 29364, 291705, 569, 512.662, 409, 0.720
125108, 0, 29489, 292177, 570, 512.591, 362, 0.636
124988, 1, 29614, 292162, 570, 512.565, 358, 0.629
125072, 2, 29739, 292210, 570, 512.649, 416, 0.731
125136, 3, 29864, 292181, 570, 512.598, 379, 0.666
125012, 4, 29989, 292198, 570, 512.628, 410, 0.721
125044, 5, 30114, 291714, 569, 512.678, 447, 0.787
125064, 6, 30239, 292679, 571, 512.572, 388, 0.681
125108, 7, 30364, 292180, 570, 512.597, 363, 0.638
124992, 0, 30489, 292189, 570, 512.612, 403, 0.708
125156, 1, 30614, 292156, 570, 512.554, 362, 0.636
125048, 2, 30739, 292204, 570, 512.639, 395, 0.694
125020, 3, 30865, 292218, 570, 512.663, 443, 0.779
125116, 4, 30990, 292722, 571, 512.648, 436, 0.765
125024, 5, 31115, 292196, 570, 512.624, 417, 0.733
125012, 6, 31240, 292163, 570, 512.567, 363, 0.638
125072, 7, 31365, 291702, 569, 512.657, 395, 0.695
125144, 0, 31490, 292710, 571, 512.627, 373, 0.654
125040, 1, 31614, 292183, 570, 512.602, 403, 0.708
125060, 2, 31740, 292208, 570, 512.646, 395, 0.694
125020, 3, 31865, 291673, 569, 512.606, 358, 0.630
125080, 4, 31990, 292217, 570, 512.661, 425, 0.747
125072, 5, 32115, 292754, 571, 512.704, 484, 0.849
125064, 6, 32240, 292199, 570, 512.630, 419, 0.736
125016, 7, 32365, 292187, 570, 512.609, 380, 0.668
125064, 0, 32490, 291688, 569, 512.633, 389, 0.685
125124, 1, 32615, 291668, 569, 512.598, 359, 0.632
125000, 2, 32741, 292199, 570, 512.630, 383, 0.673
125056, 3, 32866, 292198, 570, 512.628, 424, 0.745
125092, 4, 32991, 291688, 569, 512.633, 382, 0.673
125116, 5, 33116, 292227, 570, 512.679, 426, 0.749
125060, 6, 33241, 292178, 570, 512.593, 403, 0.708
125036, 7, 33366, 292669, 571, 512.555, 348, 0.611
125040, 0, 33490, 292171, 570, 512.581, 377, 0.663
125072, 1, 33615, 292128, 570, 512.505, 305, 0.536
125092, 2, 33741, 292184, 570, 512.603, 391, 0.687
124996, 3, 33866, 292172, 570, 512.582, 358, 0.629
125068, 4, 33991, 292188, 570, 512.610, 374, 0.657
125088, 5, 34116, 292726, 571, 512.655, 458, 0.804
125064, 6, 34241, 292176, 570, 512.589, 392, 0.689
125052, 7, 34366, 291688, 569, 512.633, 431, 0.759
125044, 0, 34491, 291704, 569, 512.661, 412, 0.725
125096, 1, 34617, 292170, 570, 512.579, 360, 0.633
125076, 2, 34742, 292222, 570, 512.670, 428, 0.752
125044, 3, 34867, 292177, 570, 512.591, 384, 0.675
125060, 4, 34992, 291700, 569, 512.654, 407, 0.717
125088, 5, 35117, 292206, 570, 512.642, 414, 0.728
125076, 6, 35241, 292691, 571, 512.594, 375, 0.658
125036, 7, 35366, 292185, 570, 512.605, 369, 0.649
125064, 0, 35491, 292196, 570, 512.625, 390, 0.685
125076, 1, 35617, 292125, 570, 512.500, 315, 0.554
125064, 2, 35742, 292191, 570, 512.616, 385, 0.677
125080, 3, 35867, 292693, 571, 512.597, 393, 0.689
125068, 4, 35992, 292740, 571, 512.679, 435, 0.763
124976, 5, 36117, 292215, 570, 512.658, 446, 0.784
125112, 6, 36242, 292175, 570, 512.588, 373, 0.656
125016, 7, 36367, 291684, 569, 512.625, 401, 0.706
125064, 0, 36492, 292227, 570, 512.679, 434, 0.763
125128, 1, 36618, 292125, 570, 512.500, 319, 0.561
125064, 2, 36743, 292198, 570, 512.628, 397, 0.698
125088, 3, 36868, 292174, 570, 512.586, 364, 0.640
124968, 4, 36993, 291703, 569, 512.659, 433, 0.762
125128, 5, 37117, 292703, 571, 512.615, 386, 0.677
125064, 6, 37242, 292175, 570, 512.588, 378, 0.664
125012, 7, 37367, 292184, 570, 512.604, 394, 0.692
125052, 0, 37493, 291662, 569, 512.587, 411, 0.724
125056, 1, 37618, 291656, 569, 512.576, 369, 0.650
125144, 2, 37743, 292704, 571, 512.616, 421, 0.739
124992, 3, 37868, 292187, 570, 512.609, 371, 0.652
125140, 4, 37993, 292209, 570, 512.647, 395, 0.694
125060, 5, 38118, 292733, 571, 512.667, 419, 0.735
125052, 6, 38243, 292202, 570, 512.636, 442, 0.777
125032, 7, 38368, 292690, 571, 512.592, 376, 0.660
125096, 0, 38494, 292189, 570, 512.612, 380, 0.668
124992, 1, 38619, 292156, 570, 512.555, 346, 0.608
125136, 2, 38744, 292212, 570, 512.653, 413, 0.726
124984, 3, 38868, 292182, 570, 512.600, 368, 0.647
125096, 4, 38993, 292205, 570, 512.640, 413, 0.726
125044, 5, 39118, 292198, 570, 512.628, 394, 0.692
125108, 6, 39243, 292188, 570, 512.611, 406, 0.714
125040, 7, 39369, 291675, 569, 512.610, 381, 0.671
125072, 0, 39494, 292188, 570, 512.610, 382, 0.671
125048, 1, 39619, 292158, 570, 512.558, 360, 0.633
125072, 2, 39744, 292200, 570, 512.632, 405, 0.712
125028, 3, 39869, 291689, 569, 512.635, 394, 0.694
125076, 4, 39994, 291686, 569, 512.629, 404, 0.711
125036, 5, 40119, 291695, 569, 512.645, 406, 0.715
125148, 6, 40244, 292697, 571, 512.604, 384, 0.674
125048, 7, 40370, 292713, 571, 512.632, 403, 0.707
125032, 0, 40495, 292185, 570, 512.605, 395, 0.694
125064, 1, 40620, 291650, 569, 512.566, 356, 0.627
125100, 2, 40744, 292187, 570, 512.609, 383, 0.673
125040, 3, 40869, 292173, 570, 512.584, 377, 0.663
125088, 4, 40994, 292708, 571, 512.623, 397, 0.696
125068, 5, 41119, 292702, 571, 512.613, 392, 0.688
124976, 6, 41244, 291690, 569, 512.636, 374, 0.658
125072, 7, 41370, 291682, 569, 512.622, 398, 0.701
125084, 0, 41495, 292713, 571, 512.632, 409, 0.718
125068, 1, 41620, 291651, 569, 512.568, 359, 0.632
125092, 2, 41745, 292712, 571, 512.630, 404, 0.709
125080, 3, 41870, 292178, 570, 512.593, 376, 0.661
124996, 4, 41995, 291670, 569, 512.601, 377, 0.664
125128, 5, 42120, 292716, 571, 512.637, 398, 0.698
125044, 6, 42246, 292175, 570, 512.588, 375, 0.659
125064, 7, 42371, 292190, 570, 512.614, 388, 0.682
125024, 0, 42496, 291686, 569, 512.630, 395, 0.695
125076, 1, 42620, 292163, 570, 512.567, 369, 0.649
125100, 2, 42745, 292728, 571, 512.658, 424, 0.744
125064, 3, 42870, 292694, 571, 512.599, 388, 0.681
125000, 4, 42995, 291693, 569, 512.641, 412, 0.725
125140, 5, 43121, 292205, 570, 512.640, 401, 0.705
125056, 6, 43246, 292194, 570, 512.621, 397, 0.698
125040, 7, 43371, 292719, 571, 512.642, 433, 0.760
125008, 0, 43496, 292167, 570, 512.574, 352, 0.619
125104, 1, 43621, 292662, 571, 512.543, 348, 0.611
125104, 2, 43746, 292207, 570, 512.644, 417, 0.733
125036, 3, 43871, 292180, 570, 512.597, 378, 0.664
125020, 4, 43996, 292193, 570, 512.619, 387, 0.680
125056, 5, 44121, 292198, 570, 512.628, 396, 0.696
125120, 6, 44247, 292193, 570, 512.619, 391, 0.687
125000, 7, 44371, 292214, 570, 512.656, 428, 0.752
125104, 0, 44496, 291690, 569, 512.636, 404, 0.711
125036, 1, 44621, 292166, 570, 512.572, 374, 0.657
125032, 2, 44746, 292215, 570, 512.658, 443, 0.779
125152, 3, 44871, 292188, 570, 512.611, 388, 0.682
124976, 4, 44996, 291701, 569, 512.655, 416, 0.732
125156, 5, 45122, 292217, 570, 512.661, 435, 0.764
125020, 6, 45247, 292703, 571, 512.615, 383, 0.672
125048, 7, 45372, 292191, 570, 512.616, 389, 0.684
125036, 0, 45497, 292197, 570, 512.626, 391, 0.687
125060, 1, 45622, 291633, 569, 512.536, 339, 0.597
125108, 2, 45747, 292209, 570, 512.647, 405, 0.712
125084, 3, 45872, 292697, 571, 512.604, 389, 0.682
125004, 4, 45997, 292207, 570, 512.644, 394, 0.692
125056, 5, 46123, 292720, 571, 512.644, 399, 0.700
125136, 6, 46247, 292187, 570, 512.609, 377, 0.663
125044, 7, 46372, 292198, 570, 512.628, 385, 0.677
125056, 0, 46497, 292716, 571, 512.638, 422, 0.740
125084, 1, 46622, 292154, 570, 512.551, 353, 0.620
125072, 2, 46747, 292720, 571, 512.645, 404, 0.709
125008, 3, 46872, 291666, 569, 512.594, 377, 0.664
125068, 4, 46998, 292198, 570, 512.628, 396, 0.696
125056, 5, 47123, 292193, 570, 512.619, 401, 0.705
125036, 6, 47248, 291677, 569, 512.613, 413, 0.727
125116, 7, 47373, 292184, 570, 512.604, 379, 0.666
125040, 0, 47498, 291691, 569, 512.638, 408, 0.718
125076, 1, 47623, 292152, 570, 512.547, 341, 0.599
125068, 2, 47748, 292214, 570, 512.656, 413, 0.726
125076, 3, 47873, 292698, 571, 512.606, 390, 0.684
125008, 4, 47998, 291709, 569, 512.670, 425, 0.748
125100, 5, 48123, 292211, 570, 512.651, 423, 0.743
125040, 6, 48248, 291666, 569, 512.594, 365, 0.643
125096, 7, 48373, 292720, 571, 512.644, 425, 0.746
125092, 0, 48498, 292209, 570, 512.647, 422, 0.742
124976, 1, 48623, 292165, 570, 512.570, 380, 0.668
125064, 2, 48748, 291696, 569, 512.647, 449, 0.790
125112, 3, 48874, 292211, 570, 512.651, 398, 0.699
125048, 4, 48999, 292217, 570, 512.662, 439, 0.772
125088, 5, 49124, 292719, 571, 512.643, 413, 0.725
125040, 6, 49249, 292188, 570, 512.611, 380, 0.668
125104, 7, 49374, 292679, 571, 512.573, 361, 0.633
125040, 0, 49499, 292196, 570, 512.625, 402, 0.707
125044, 1, 49624, 292674, 571, 512.564, 358, 0.628
125032, 2, 49748, 292197, 570, 512.626, 395, 0.694
125048, 3, 49874, 291663, 569, 512.589, 383, 0.674
125068, 4, 49999, 291711, 569, 512.673, 427, 0.752
125052, 5, 50124, 291704, 569, 512.661, 417, 0.734
125092, 6, 50249, 292690, 571, 512.592, 378, 0.663
125116, 7, 50374, 292216, 570, 512.659, 411, 0.722
125000, 0, 50499, 292192, 570, 512.617, 394, 0.692
125108, 1, 50624, 291643, 569, 512.553, 335, 0.590
125080, 2, 50750, 292203, 570, 512.637, 383, 0.673
125012, 3, 50875, 292186, 570, 512.607, 356, 0.626
125124, 4, 51000, 292703, 571, 512.614, 375, 0.658
125028, 5, 51125, 292200, 570, 512.632, 392, 0.689
125100, 6, 51250, 292201, 570, 512.633, 427, 0.750
124980, 7, 51375, 292169, 570, 512.577, 377, 0.663
125048, 0, 51500, 292188, 570, 512.610, 375, 0.659
125160, 1, 51624, 292660, 571, 512.539, 367, 0.644
124976, 2, 51749, 292186, 570, 512.607, 363, 0.638
125068, 3, 51875, 291662, 569, 512.587, 394, 0.694
125124, 4, 52000, 292721, 571, 512.646, 442, 0.775
125064, 5, 52125, 292707, 571, 512.622, 415, 0.728
125072, 6, 52250, 292705, 571, 512.618, 397, 0.696
Stepper executed 21500 steps over 26888 ms (2/5 duty)
Transitioning to state DELAY [2000]
124992, 7, 52375, 316260, 617, 512.577, 394, 0.640
125092, 0, 52500, 316278, 617, 512.606, 388, 0.630
125072, 1, 52625, 316263, 617, 512.582, 384, 0.623
125060, 2, 52751, 316817, 618, 512.649, 458, 0.742
125012, 3, 52876, 316285, 617, 512.617, 447, 0.726
125036, 4, 53001, 316260, 617, 512.577, 404, 0.656
125112, 5, 53126, 316257, 617, 512.572, 403, 0.654
125112, 6, 53251, 316790, 618, 512.605, 404, 0.655
125000, 7, 53376, 316295, 617, 512.634, 410, 0.666
125092, 0, 53500, 315775, 616, 512.622, 404, 0.657
125008, 1, 53625, 315767, 616, 512.609, 437, 0.711
125052, 2, 53751, 315758, 616, 512.594, 401, 0.652
125100, 3, 53876, 316296, 617, 512.635, 420, 0.682
125060, 4, 54001, 316272, 617, 512.596, 400, 0.649
125116, 5, 54126, 316293, 617, 512.630, 420, 0.682
125056, 6, 54251, 316309, 617, 512.656, 477, 0.774
Transitioning to state STEPPER_RUN_CLOSED
Transitioning to state STEPPER_RUN
Running stepper in opened direction
125100, 7, 54376, 292192, 570, 512.617, 380, 0.668
125028, 0, 54501, 292193, 570, 512.619, 380, 0.668
125000, 1, 54627, 292182, 570, 512.600, 376, 0.661
125156, 2, 54752, 292199, 570, 512.630, 373, 0.656
125024, 3, 54877, 292205, 570, 512.640, 381, 0.670
125052, 4, 55002, 292210, 570, 512.649, 429, 0.754
125100, 5, 55127, 292202, 570, 512.635, 415, 0.729
125020, 6, 55251, 292686, 571, 512.585, 378, 0.663
125068, 7, 55376, 292166, 570, 512.572, 389, 0.684
125052, 0, 55501, 292190, 570, 512.614, 409, 0.719
125028, 1, 55627, 291628, 569, 512.527, 343, 0.604
125132, 2, 55752, 292189, 570, 512.612, 390, 0.685
125048, 3, 55877, 292180, 570, 512.597, 364, 0.640
125072, 4, 56002, 292728, 571, 512.658, 455, 0.798
125060, 5, 56127, 292201, 570, 512.633, 433, 0.761
125004, 6, 56252, 291680, 569, 512.619, 379, 0.667
125076, 7, 56377, 291661, 569, 512.585, 349, 0.614
125092, 0, 56503, 292701, 571, 512.611, 406, 0.712
125100, 1, 56628, 292138, 570, 512.523, 323, 0.568
125048, 2, 56753, 292718, 571, 512.640, 429, 0.753
125032, 3, 56878, 292168, 570, 512.575, 390, 0.685
125040, 4, 57003, 292208, 570, 512.645, 410, 0.721
125108, 5, 57127, 291957, 570, 512.205, 66068, 116.112
125032, 6, 57252, 292167, 570, 512.574, 349, 0.613
125060, 7, 57377, 292184, 570, 512.604, 404, 0.710
125032, 0, 57503, 292727, 571, 512.657, 427, 0.749
125132, 1, 57628, 292155, 570, 512.553, 333, 0.585
125012, 2, 57753, 291698, 569, 512.650, 386, 0.680
125112, 3, 57878, 292193, 570, 512.619, 418, 0.735
125008, 4, 58003, 291717, 569, 512.684, 423, 0.745
125128, 5, 58128, 292196, 570, 512.624, 421, 0.740
125024, 6, 58253, 291672, 569, 512.605, 360, 0.634
125100, 7, 58379, 292684, 571, 512.581, 387, 0.679
125072, 0, 58504, 292238, 570, 512.699, 477, 0.838
125012, 1, 58629, 292177, 570, 512.591, 376, 0.661
125064, 2, 58754, 291707, 569, 512.666, 421, 0.741
125072, 3, 58878, 292162, 570, 512.565, 367, 0.645
125060, 4, 59003, 292221, 570, 512.669, 415, 0.729
125064, 5, 59128, 292203, 570, 512.637, 372, 0.654
125080, 6, 59253, 292715, 571, 512.636, 425, 0.746
125000, 7, 59379, 291689, 569, 512.635, 405, 0.713
125068, 0, 59504, 291697, 569, 512.648, 386, 0.680
125060, 1, 59629, 292193, 570, 512.619, 364, 0.640
125152, 2, 59754, 292741, 571, 512.681, 451, 0.791
125004, 3, 59879, 292659, 571, 512.537, 346, 0.607
125104, 4, 60004, 292197, 570, 512.626, 421, 0.740
125008, 5, 60129, 292184, 570, 512.603, 370, 0.650
125068, 6, 60254, 292707, 571, 512.622, 435, 0.763
125112, 7, 60380, 292201, 570, 512.633, 432, 0.759
125008, 0, 60505, 292189, 570, 512.612, 406, 0.714
125108, 1, 60630, 292142, 570, 512.530, 356, 0.626
125068, 2, 60754, 292208, 570, 512.645, 395, 0.694
125068, 3, 60879, 292693, 571, 512.597, 401, 0.704
125076, 4, 61004, 292725, 571, 512.653, 386, 0.677
125036, 5, 61129, 292194, 570, 512.621, 401, 0.705
125032, 6, 61254, 292196, 570, 512.625, 410, 0.721
125072, 7, 61380, 292153, 570, 512.549, 355, 0.624
125084, 0, 61505, 292729, 571, 512.661, 437, 0.767
125056, 1, 61630, 292182, 570, 512.600, 416, 0.731
125008, 2, 61755, 292187, 570, 512.608, 426, 0.749
125064, 3, 61880, 291652, 569, 512.569, 336, 0.592
125096, 4, 62005, 292193, 570, 512.619, 425, 0.747
125028, 5, 62130, 292219, 570, 512.665, 417, 0.733
125088, 6, 62256, 292675, 571, 512.565, 351, 0.616
125032, 7, 62381, 291682, 569, 512.622, 407, 0.717
125084, 0, 62505, 292194, 570, 512.621, 414, 0.728
125100, 1, 62630, 292151, 570, 512.545, 406, 0.714
125080, 2, 62755, 292703, 571, 512.614, 361, 0.633
125032, 3, 62880, 292175, 570, 512.588, 389, 0.684
125092, 4, 63005, 292205, 570, 512.640, 433, 0.761
125072, 5, 63131, 292235, 570, 512.693, 479, 0.842
125028, 6, 63256, 292191, 570, 512.616, 400, 0.703
125024, 7, 63381, 292152, 570, 512.547, 329, 0.578
125128, 0, 63506, 292199, 570, 512.630, 443, 0.779
125032, 1, 63631, 292157, 570, 512.556, 361, 0.634
125024, 2, 63756, 291679, 569, 512.617, 361, 0.636
125120, 3, 63881, 292195, 570, 512.623, 366, 0.643
125004, 4, 64006, 292232, 570, 512.687, 468, 0.822
125116, 5, 64132, 292733, 571, 512.667, 467, 0.819
125020, 6, 64257, 291664, 569, 512.591, 390, 0.687
125108, 7, 64381, 292200, 570, 512.632, 424, 0.745
125016, 0, 64506, 291686, 569, 512.629, 370, 0.651
125120, 1, 64631, 292693, 571, 512.597, 393, 0.689
125080, 2, 64756, 292708, 571, 512.624, 413, 0.725
125052, 3, 64881, 292670, 571, 512.557, 360, 0.632
125012, 4, 65006, 292191, 570, 512.616, 369, 0.649
125060, 5, 65132, 292219, 570, 512.665, 429, 0.754
125104, 6, 65257, 292705, 571, 512.618, 371, 0.651
125064, 7, 65382, 292212, 570, 512.652, 446, 0.784
125052, 0, 65507, 292185, 570, 512.605, 380, 0.668
125036, 1, 65632, 291654, 569, 512.573, 373, 0.657
125108, 2, 65757, 292193, 570, 512.619, 395, 0.694
124980, 3, 65882, 292196, 570, 512.625, 399, 0.701
125068, 4, 66007, 292194, 570, 512.621, 397, 0.698
125060, 5, 66132, 291698, 569, 512.650, 416, 0.732
125132, 6, 66257, 292187, 570, 512.609, 395, 0.694
125012, 7, 66382, 291671, 569, 512.603, 373, 0.657
125132, 0, 66507, 292697, 571, 512.604, 387, 0.679
124972, 1, 66632, 291655, 569, 512.575, 347, 0.611
125068, 2, 66757, 292193, 570, 512.619, 383, 0.673
125104, 3, 66882, 291680, 569, 512.619, 391, 0.688
125084, 4, 67008, 292195, 570, 512.623, 397, 0.698
124996, 5, 67133, 292213, 570, 512.654, 406, 0.714
125140, 6, 67258, 292702, 571, 512.613, 406, 0.712
124984, 7, 67383, 291695, 569, 512.645, 397, 0.699
125132, 0, 67508, 292173, 570, 512.584, 358, 0.629
125028, 1, 67633, 291646, 569, 512.559, 348, 0.613
125088, 2, 67758, 292707, 571, 512.622, 365, 0.640
125036, 3, 67883, 292182, 570, 512.600, 351, 0.617
125108, 4, 68008, 292183, 570, 512.602, 368, 0.647
125076, 5, 68133, 292205, 570, 512.640, 405, 0.712
125048, 6, 68258, 292193, 570, 512.619, 417, 0.733
125060, 7, 68383, 292714, 571, 512.634, 369, 0.647
125004, 0, 68508, 292202, 570, 512.635, 392, 0.689
125128, 1, 68633, 292162, 570, 512.565, 363, 0.638
124976, 2, 68758, 291688, 569, 512.633, 416, 0.732
125080, 3, 68883, 291683, 569, 512.624, 375, 0.660
125084, 4, 69009, 292214, 570, 512.656, 437, 0.768
125028, 5, 69134, 292211, 570, 512.651, 460, 0.808
125148, 6, 69259, 292185, 570, 512.605, 361, 0.634
125048, 7, 69384, 292203, 570, 512.637, 384, 0.675
125036, 0, 69509, 292205, 570, 512.640, 435, 0.764
125048, 1, 69634, 292681, 571, 512.576, 407, 0.714
125084, 2, 69758, 292192, 570, 512.618, 374, 0.657
125044, 3, 69884, 292167, 570, 512.574, 362, 0.636
125100, 4, 70009, 292204, 570, 512.638, 428, 0.752
125080, 5, 70134, 292696, 571, 512.603, 390, 0.684
125040, 6, 70259, 292689, 571, 512.590, 363, 0.637
125064, 7, 70384, 292718, 571, 512.641, 444, 0.779
125040, 0, 70509, 292216, 570, 512.660, 448, 0.787
125064, 1, 70634, 291677, 569, 512.613, 365, 0.643
125028, 2, 70759, 292201, 570, 512.633, 422, 0.742
125068, 3, 70885, 292182, 570, 512.600, 400, 0.703
125064, 4, 71010, 292224, 570, 512.674, 444, 0.780
125080, 5, 71135, 292199, 570, 512.630, 391, 0.687
125112, 6, 71260, 292190, 570, 512.614, 390, 0.685
125064, 7, 71385, 292185, 570, 512.605, 396, 0.696
125028, 0, 71510, 292719, 571, 512.643, 415, 0.728
125084, 1, 71634, 292176, 570, 512.590, 361, 0.634
125004, 2, 71760, 292211, 570, 512.651, 398, 0.699
125120, 3, 71885, 292185, 570, 512.605, 394, 0.692
125008, 4, 72010, 292218, 570, 512.663, 429, 0.754
125128, 5, 72135, 292718, 571, 512.641, 419, 0.735
124972, 6, 72260, 292164, 570, 512.568, 374, 0.657
125128, 7, 72385, 292174, 570, 512.586, 386, 0.678
125088, 0, 72510, 292203, 570, 512.637, 396, 0.696
125016, 1, 72635, 292137, 570, 512.521, 333, 0.585
125020, 2, 72761, 292188, 570, 512.611, 396, 0.696
125108, 3, 72886, 293197, 572, 512.582, 359, 0.629
125024, 4, 73011, 292205, 570, 512.640, 429, 0.754
125092, 5, 73136, 292200, 570, 512.632, 406, 0.714
125068, 6, 73261, 291657, 569, 512.578, 363, 0.639
125104, 7, 73385, 292689, 571, 512.590, 379, 0.665
125060, 0, 73510, 292200, 570, 512.632, 415, 0.729
125008, 1, 73635, 292156, 570, 512.555, 348, 0.612
125060, 2, 73761, 291688, 569, 512.633, 412, 0.725
125076, 3, 73886, 292194, 570, 512.621, 394, 0.692
125112, 4, 74011, 292709, 571, 512.625, 403, 0.707
125020, 5, 74136, 292197, 570, 512.626, 405, 0.712
125104, 6, 74261, 292176, 570, 512.589, 370, 0.650
125024, 7, 74386, 292185, 570, 512.605, 391, 0.687
125056, 0, 74511, 291672, 569, 512.605, 366, 0.644
125052, 1, 74637, 292660, 571, 512.539, 346, 0.607
125072, 2, 74762, 292200, 570, 512.632, 408, 0.717
125112, 3, 74887, 292698, 571, 512.606, 376, 0.660
125044, 4, 75012, 291708, 569, 512.668, 419, 0.738
125028, 5, 75137, 292228, 570, 512.680, 458, 0.805
125048, 6, 75261, 292179, 570, 512.594, 396, 0.696
125108, 7, 75386, 292686, 571, 512.585, 386, 0.677
125092, 0, 75512, 292181, 570, 512.598, 379, 0.666
125016, 1, 75637, 292157, 570, 512.556, 359, 0.631
125056, 2, 75762, 292197, 570, 512.626, 427, 0.750
125096, 3, 75887, 292181, 570, 512.598, 381, 0.670
125072, 4, 76012, 292711, 571, 512.629, 418, 0.733
125068, 5, 76137, 292208, 570, 512.646, 402, 0.707
125000, 6, 76262, 292169, 570, 512.577, 375, 0.659
125120, 7, 76387, 292194, 570, 512.621, 395, 0.694
125064, 0, 76513, 292704, 571, 512.616, 380, 0.667
125052, 1, 76638, 292151, 570, 512.546, 346, 0.608
125012, 2, 76763, 292198, 570, 512.628, 403, 0.708
125124, 3, 76888, 292176, 570, 512.590, 386, 0.678
125020, 4, 77012, 292197, 570, 512.626, 385, 0.677
125088, 5, 77137, 292204, 570, 512.639, 402, 0.707
125084, 6, 77262, 292697, 571, 512.604, 385, 0.675
124996, 7, 77387, 292209, 570, 512.647, 419, 0.736
125124, 0, 77513, 292202, 570, 512.635, 403, 0.708
125060, 1, 77638, 292159, 570, 512.560, 356, 0.626
125016, 2, 77763, 292724, 571, 512.651, 437, 0.767
125064, 3, 77888, 292187, 570, 512.609, 373, 0.656
125024, 4, 78013, 292183, 570, 512.602, 361, 0.634
125136, 5, 78138, 292220, 570, 512.667, 452, 0.794
125064, 6, 78263, 292207, 570, 512.643, 407, 0.715
124996, 7, 78388, 290907, 568, 512.160, 65663, 115.808
125076, 0, 78514, 291684, 569, 512.626, 375, 0.660
125052, 1, 78639, 292158, 570, 512.558, 343, 0.603
125084, 2, 78764, 291703, 569, 512.659, 397, 0.699
125120, 3, 78888, 292205, 570, 512.640, 411, 0.722
124992, 4, 79013, 292225, 570, 512.676, 456, 0.801
125088, 5, 79138, 292210, 570, 512.649, 402, 0.707
125080, 6, 79263, 292187, 570, 512.609, 383, 0.673
125000, 7, 79389, 291697, 569, 512.648, 383, 0.674
125076, 0, 79514, 291680, 569, 512.619, 386, 0.680
125092, 1, 79639, 292660, 571, 512.539, 358, 0.628
125060, 2, 79764, 292229, 570, 512.682, 453, 0.796
125052, 3, 79889, 292184, 570, 512.603, 386, 0.678
125100, 4, 80014, 291702, 569, 512.657, 418, 0.736
125028, 5, 80139, 292199, 570, 512.630, 391, 0.687
125040, 6, 80264, 292190, 570, 512.614, 410, 0.721
125052, 7, 80390, 292201, 570, 512.633, 401, 0.705
125124, 0, 80515, 292202, 570, 512.635, 411, 0.722
125072, 1, 80640, 292183, 570, 512.602, 377, 0.663
125084, 2, 80764, 292705, 571, 512.618, 422, 0.740
125008, 3, 80889, 292675, 571, 512.566, 374, 0.656
125032, 4, 81014, 292209, 570, 512.647, 417, 0.733
125148, 5, 81139, 292191, 570, 512.616, 387, 0.680
Stepper executed 21500 steps over 26888 ms (2/5 duty)
Transitioning to state DELAY [2000]
124968, 6, 81264, 315756, 616, 512.591, 403, 0.655
125052, 7, 81390, 316277, 617, 512.605, 413, 0.670
125056, 0, 81515, 316270, 617, 512.593, 419, 0.680
125072, 1, 81640, 316266, 617, 512.587, 413, 0.670
125068, 2, 81765, 316305, 617, 512.650, 462, 0.750
125104, 3, 81890, 316277, 617, 512.605, 413, 0.670
125056, 4, 82015, 316318, 617, 512.671, 475, 0.771
125084, 5, 82140, 316290, 617, 512.625, 409, 0.664
125064, 6, 82266, 316273, 617, 512.598, 410, 0.666
125032, 7, 82391, 316308, 617, 512.654, 468, 0.760
125060, 0, 82515, 316287, 617, 512.621, 415, 0.674
125052, 1, 82640, 315732, 616, 512.552, 382, 0.621
125064, 2, 82765, 316301, 617, 512.644, 442, 0.718
125040, 3, 82890, 315760, 616, 512.598, 394, 0.641
125056, 4, 83015, 316307, 617, 512.653, 454, 0.737
125144, 5, 83141, 316294, 617, 512.632, 438, 0.711
Transitioning to state ELECTROMETER_DISABLE
Transitioning to state DELAY [500]
125016, 6, 83266, 316286, 617, 512.619, 430, 0.698
Transitioning to state 12V_REG_DISABLE
Transitioning to state DELAY [10000]
Transitioning to state 12V_REG_ENABLE
Transitioning to state DELAY [500]
Transitioning to state ELECTROMETER_ENABLE
Transitioning to state DELAY [5000]
0, 0, 94396, 315742, 616, 512.568, 371, 0.603
125144, 1, 94521, 316271, 617, 512.595, 415, 0.674
124984, 2, 94647, 316268, 617, 512.590, 430, 0.698
125112, 3, 94772, 316774, 618, 512.579, 416, 0.674
125028, 4, 94897, 316268, 617, 512.590, 428, 0.695
125076, 5, 95022, 315763, 616, 512.602, 429, 0.698
125048, 6, 95147, 316297, 617, 512.637, 445, 0.722
125124, 7, 95271, 316783, 618, 512.594, 425, 0.689
125008, 0, 95396, 316274, 617, 512.600, 423, 0.687
125048, 1, 95521, 315685, 616, 512.476, 332, 0.540
125104, 2, 95647, 316277, 617, 512.605, 423, 0.687
125080, 3, 95772, 316263, 617, 512.581, 388, 0.630
125012, 4, 95897, 316266, 617, 512.587, 383, 0.622
125120, 5, 96022, 316284, 617, 512.616, 443, 0.719
125020, 6, 96147, 316296, 617, 512.635, 448, 0.727
125044, 7, 96272, 315782, 616, 512.633, 425, 0.691
125060, 0, 96397, 316270, 617, 512.593, 401, 0.651
125064, 1, 96523, 316239, 617, 512.543, 362, 0.588
125080, 2, 96648, 316258, 617, 512.574, 386, 0.627
125076, 3, 96773, 316253, 617, 512.566, 383, 0.622
125028, 4, 96898, 316285, 617, 512.617, 435, 0.706
125064, 5, 97022, 315778, 616, 512.626, 393, 0.639
125048, 6, 97147, 316295, 617, 512.634, 407, 0.661
125076, 7, 97272, 316247, 617, 512.556, 379, 0.615
125120, 0, 97397, 316782, 618, 512.592, 416, 0.674
125060, 1, 97523, 316217, 617, 512.507, 336, 0.545
125036, 2, 97648, 316290, 617, 512.625, 439, 0.713
125036, 3, 97773, 316279, 617, 512.608, 402, 0.653
125120, 4, 97898, 316315, 617, 512.666, 474, 0.769
125048, 5, 98023, 316804, 618, 512.628, 460, 0.746
125084, 6, 98148, 315795, 616, 512.654, 419, 0.681
125060, 7, 98273, 316759, 618, 512.555, 387, 0.627
125032, 0, 98399, 316266, 617, 512.586, 392, 0.636
125056, 1, 98524, 316249, 617, 512.559, 387, 0.628
125040, 2, 98649, 315781, 616, 512.631, 436, 0.709
125120, 3, 98774, 316281, 617, 512.611, 452, 0.734
125048, 4, 98898, 316300, 617, 512.642, 435, 0.706
125000, 5, 99023, 316303, 617, 512.647, 423, 0.687
125140, 6, 99148, 316304, 617, 512.648, 446, 0.724
Transitioning to state STEPPER_RUN_OPENED
Transitioning to state STEPPER_RUN
Running stepper in opened direction
125032, 7, 99273, 292179, 570, 512.595, 373, 0.656
125028, 0, 99399, 291685, 569, 512.628, 405, 0.713
125144, 1, 99524, 292151, 570, 512.546, 344, 0.605
125064, 2, 99649, 292705, 571, 512.618, 387, 0.679
125016, 3, 99774, 291683, 569, 512.624, 365, 0.643
125060, 4, 99899, 292184, 570, 512.604, 372, 0.654
125080, 5, 100024, 292217, 570, 512.661, 433, 0.761
125056, 6, 100149, 292202, 570, 512.635, 408, 0.717
125028, 7, 100274, 292172, 570, 512.582, 379, 0.666
125108, 0, 100400, 292193, 570, 512.619, 387, 0.680
125096, 1, 100525, 292187, 570, 512.609, 372, 0.654
125040, 2, 100649, 292200, 570, 512.631, 382, 0.671
125020, 3, 100774, 292175, 570, 512.588, 382, 0.671
125124, 4, 100899, 292700, 571, 512.609, 386, 0.677
124996, 5, 101024, 292220, 570, 512.667, 452, 0.794
125100, 6, 101149, 292222, 570, 512.670, 414, 0.728
125052, 7, 101275, 291678, 569, 512.615, 373, 0.657
125052, 0, 101400, 292184, 570, 512.603, 375, 0.659
125032, 1, 101525, 292154, 570, 512.551, 341, 0.599
125060, 2, 101650, 292196, 570, 512.625, 382, 0.671
125156, 3, 101775, 292204, 570, 512.639, 391, 0.687
125000, 4, 101900, 291677, 569, 512.613, 375, 0.660
125048, 5, 102025, 292211, 570, 512.651, 445, 0.782
125060, 6, 102150, 292177, 570, 512.591, 355, 0.624
125144, 7, 102276, 292701, 571, 512.612, 388, 0.681
124976, 0, 102401, 291705, 569, 512.663, 408, 0.718
125108, 1, 102525, 292173, 570, 512.584, 373, 0.656
125036, 2, 102650, 292225, 570, 512.675, 457, 0.803
125100, 3, 102775, 292668, 571, 512.554, 330, 0.579
125004, 4, 102900, 291688, 569, 512.633, 393, 0.692
125108, 5, 103025, 292193, 570, 512.619, 385, 0.677
125104, 6, 103151, 292202, 570, 512.635, 412, 0.724
125000, 7, 103276, 292199, 570, 512.630, 401, 0.705
125052, 0, 103401, 292193, 570, 512.619, 393, 0.691
125056, 1, 103526, 292153, 570, 512.549, 364, 0.640
125084, 2, 103651, 292200, 570, 512.631, 388, 0.682
125088, 3, 103776, 292176, 570, 512.589, 377, 0.663
125000, 4, 103901, 291693, 569, 512.641, 415, 0.731
125136, 5, 104026, 292735, 571, 512.671, 450, 0.789
124992, 6, 104152, 292227, 570, 512.679, 449, 0.789
125076, 7, 104276, 292178, 570, 512.593, 360, 0.633
125060, 0, 104401, 291663, 569, 512.589, 367, 0.646
125120, 1, 104526, 292158, 570, 512.558, 334, 0.587
125076, 2, 104651, 292741, 571, 512.681, 455, 0.798
125044, 3, 104776, 292188, 570, 512.610, 385, 0.677
125052, 4, 104901, 292221, 570, 512.669, 453, 0.796
125056, 5, 105026, 291680, 569, 512.619, 361, 0.636
125092, 6, 105152, 292688, 571, 512.588, 388, 0.681
125068, 7, 105277, 292699, 571, 512.607, 387, 0.679
125060, 0, 105402, 292715, 571, 512.636, 441, 0.774
125000, 1, 105527, 292139, 570, 512.525, 345, 0.606
125064, 2, 105652, 292218, 570, 512.663, 473, 0.831
125048, 3, 105777, 291698, 569, 512.650, 414, 0.729
125124, 4, 105902, 292716, 571, 512.638, 398, 0.698
125060, 5, 106028, 292215, 570, 512.658, 399, 0.701
125056, 6, 106152, 292686, 571, 512.584, 390, 0.684
125096, 7, 106277, 292181, 570, 512.598, 359, 0.631
125012, 0, 106402, 292200, 570, 512.632, 385, 0.677
125096, 1, 106527, 292685, 571, 512.583, 401, 0.704
125004, 2, 106652, 292220, 570, 512.667, 445, 0.782
125140, 3, 106777, 292198, 570, 512.628, 412, 0.724
125056, 4, 106902, 292216, 570, 512.660, 432, 0.759
124996, 5, 107028, 292188, 570, 512.611, 404, 0.710
125112, 6, 107153, 292712, 571, 512.630, 440, 0.772
125060, 7, 107278, 292205, 570, 512.640, 398, 0.699
125036, 0, 107403, 291696, 569, 512.647, 381, 0.671
125108, 1, 107528, 292176, 570, 512.589, 378, 0.664
125048, 2, 107653, 292235, 570, 512.693, 454, 0.798
125040, 3, 107778, 292699, 571, 512.608, 401, 0.704
125068, 4, 107904, 292203, 570, 512.637, 401, 0.705
125052, 5, 108028, 292180, 570, 512.597, 360, 0.633
125040, 6, 108153, 291671, 569, 512.603, 395, 0.695
125080, 7, 108278, 292205, 570, 512.640, 371, 0.652
125084, 0, 108403, 292193, 570, 512.619, 388, 0.682
125072, 1, 108528, 292658, 571, 512.536, 342, 0.600
125060, 2, 108653, 292195, 570, 512.623, 412, 0.724
125052, 3, 108778, 292199, 570, 512.630, 371, 0.652
125020, 4, 108904, 291681, 569, 512.620, 397, 0.699
125072, 5, 109029, 292724, 571, 512.651, 431, 0.756
125116, 6, 109154, 292203, 570, 512.637, 414, 0.728
125052, 7, 109279, 292707, 571, 512.622, 395, 0.693
125016, 0, 109404, 291689, 569, 512.634, 398, 0.701
125052, 1, 109529, 292178, 570, 512.593, 376, 0.661
125120, 2, 109654, 292731, 571, 512.664, 418, 0.733
125080, 3, 109779, 292189, 570, 512.612, 386, 0.678
125012, 4, 109904, 292204, 570, 512.639, 424, 0.745
125040, 5, 110029, 291684, 569, 512.626, 401, 0.706
125120, 6, 110154, 292189, 570, 512.612, 373, 0.656
125040, 7, 110279, 292198, 570, 512.628, 411, 0.722
125024, 0, 110404, 292199, 570, 512.630, 412, 0.724
125136, 1, 110529, 292170, 570, 512.579, 355, 0.624
125048, 2, 110654, 292200, 570, 512.632, 407, 0.715
125028, 3, 110780, 291658, 569, 512.580, 355, 0.625
125064, 4, 110905, 292711, 571, 512.629, 391, 0.686
125028, 5, 111030, 292213, 570, 512.654, 413, 0.726
125100, 6, 111155, 292200, 570, 512.632, 389, 0.684
125072, 7, 111280, 292185, 570, 512.605, 390, 0.685
125032, 0, 111405, 292191, 570, 512.616, 403, 0.708
125044, 1, 111529, 292170, 570, 512.579, 366, 0.643
125116, 2, 111654, 292735, 571, 512.671, 447, 0.784
125052, 3, 111780, 292176, 570, 512.589, 360, 0.633
125084, 4, 111905, 292203, 570, 512.637, 385, 0.677
125064, 5, 112030, 292211, 570, 512.651, 413, 0.726
125036, 6, 112155, 292702, 571, 512.613, 395, 0.693
125048, 7, 112280, 292188, 570, 512.610, 378, 0.664
125040, 0, 112405, 291679, 569, 512.617, 393, 0.692
125104, 1, 112530, 292155, 570, 512.553, 355, 0.624
125044, 2, 112655, 291679, 569, 512.617, 380, 0.669
125120, 3, 112781, 292709, 571, 512.625, 405, 0.711
125032, 4, 112906, 292212, 570, 512.652, 440, 0.773
125088, 5, 113031, 292200, 570, 512.632, 408, 0.717
125008, 6, 113156, 291695, 569, 512.645, 429, 0.755
125096, 7, 113281, 292192, 570, 512.617, 404, 0.710
125024, 0, 113405, 292196, 570, 512.625, 395, 0.694
125060, 1, 113530, 292181, 570, 512.598, 381, 0.670
125048, 2, 113656, 291673, 569, 512.606, 373, 0.657
125132, 3, 113781, 292198, 570, 512.628, 408, 0.717
125076, 4, 113906, 292219, 570, 512.665, 417, 0.733
125000, 5, 114031, 292745, 571, 512.688, 485, 0.851
125084, 6, 114156, 292191, 570, 512.616, 393, 0.691
125116, 7, 114281, 292699, 571, 512.608, 387, 0.679
125004, 0, 114406, 291689, 569, 512.635, 409, 0.720
125024, 1, 114531, 292154, 570, 512.551, 347, 0.610
125156, 2, 114657, 292708, 571, 512.623, 386, 0.677
125028, 3, 114782, 292689, 571, 512.590, 372, 0.653
125040, 4, 114907, 292208, 570, 512.646, 409, 0.719
125032, 5, 115032, 291695, 569, 512.645, 424, 0.746
125124, 6, 115156, 292202, 570, 512.635, 411, 0.722
125032, 7, 115281, 292202, 570, 512.635, 408, 0.717
125076, 0, 115406, 292719, 571, 512.642, 412, 0.723
125088, 1, 115532, 292158, 570, 512.558, 357, 0.627
125000, 2, 115657, 291674, 569, 512.608, 372, 0.655
125148, 3, 115782, 292179, 570, 512.595, 369, 0.649
124992, 4, 115907, 292713, 571, 512.632, 399, 0.700
125072, 5, 116032, 291688, 569, 512.633, 375, 0.660
125032, 6, 116157, 292195, 570, 512.623, 391, 0.687
125060, 7, 116282, 291706, 569, 512.664, 444, 0.782
125104, 0, 116407, 292188, 570, 512.610, 414, 0.728
125060, 1, 116533, 292155, 570, 512.552, 355, 0.624
125104, 2, 116658, 292721, 571, 512.646, 395, 0.693
124976, 3, 116783, 292177, 570, 512.591, 390, 0.685
125108, 4, 116908, 292228, 570, 512.681, 454, 0.798
125100, 5, 117032, 292208, 570, 512.645, 441, 0.775
125036, 6, 117157, 292674, 571, 512.564, 362, 0.635
125036, 7, 117282, 292213, 570, 512.654, 409, 0.719
125096, 0, 117407, 292198, 570, 512.628, 416, 0.731
125084, 1, 117533, 292177, 570, 512.591, 377, 0.663
125028, 2, 117658, 291671, 569, 512.603, 362, 0.637
125080, 3, 117783, 292697, 571, 512.604, 396, 0.695
125052, 4, 117908, 292200, 570, 512.632, 391, 0.687
125068, 5, 118033, 292194, 570, 512.621, 394, 0.692
125048, 6, 118158, 292182, 570, 512.600, 371, 0.652
125040, 7, 118283, 291685, 569, 512.627, 394, 0.694
125092, 0, 118409, 292184, 570, 512.604, 379, 0.666
125080, 1, 118534, 292675, 571, 512.566, 362, 0.635
125052, 2, 118659, 292206, 570, 512.642, 414, 0.728
125060, 3, 118784, 292195, 570, 512.623, 405, 0.712
125044, 4, 118908, 291694, 569, 512.643, 387, 0.681
125064, 5, 119033, 292718, 571, 512.641, 405, 0.711
125104, 6, 119158, 292206, 570, 512.642, 428, 0.752
125024, 7, 119283, 292204, 570, 512.639, 392, 0.689
125108, 0, 119409, 292223, 570, 512.672, 455, 0.800
125044, 1, 119534, 292177, 570, 512.591, 374, 0.657
124996, 2, 119659, 292193, 570, 512.619, 379, 0.666
125116, 3, 119784, 292694, 571, 512.599, 394, 0.691
125036, 4, 119909, 292196, 570, 512.625, 390, 0.685
125044, 5, 120034, 291689, 569, 512.635, 405, 0.713
125080, 6, 120159, 292197, 570, 512.627, 392, 0.689
125036, 7, 120284, 292195, 570, 512.623, 397, 0.698
125092, 0, 120410, 292204, 570, 512.638, 409, 0.719
125068, 1, 120535, 292151, 570, 512.545, 349, 0.613
125100, 2, 120659, 292205, 570, 512.640, 422, 0.742
124984, 3, 120784, 291681, 569, 512.620, 399, 0.702
125108, 4, 120909, 292203, 570, 512.637, 383, 0.673
125020, 5, 121034, 291708, 569, 512.668, 448, 0.789
125080, 6, 121159, 292194, 570, 512.621, 391, 0.687
125092, 7, 121285, 291684, 569, 512.626, 394, 0.694
125064, 0, 121410, 292201, 570, 512.634, 395, 0.694
125076, 1, 121535, 292163, 570, 512.567, 364, 0.640
125004, 2, 121660, 292194, 570, 512.621, 403, 0.708
125120, 3, 121785, 292701, 571, 512.611, 381, 0.668
125052, 4, 121910, 292214, 570, 512.656, 410, 0.721
125092, 5, 122035, 292222, 570, 512.671, 438, 0.770
125076, 6, 122161, 292699, 571, 512.608, 383, 0.672
125028, 7, 122286, 292194, 570, 512.621, 390, 0.685
125008, 0, 122411, 292201, 570, 512.633, 393, 0.691
125072, 1, 122535, 291655, 569, 512.575, 368, 0.648
125120, 2, 122660, 292197, 570, 512.626, 397, 0.698
125044, 3, 122785, 292690, 571, 512.592, 359, 0.630
125072, 4, 122910, 292187, 570, 512.609, 379, 0.666
125072, 5, 123035, 292207, 570, 512.644, 414, 0.728
125004, 6, 123160, 291675, 569, 512.610, 393, 0.692
125064, 7, 123286, 292193, 570, 512.619, 388, 0.682
125092, 0, 123411, 292197, 570, 512.626, 410, 0.721
125020, 1, 123536, 292161, 570, 512.563, 359, 0.631
125140, 2, 123661, 292199, 570, 512.630, 411, 0.722
125032, 3, 123786, 292198, 570, 512.628, 406, 0.714
125092, 4, 123911, 292205, 570, 512.640, 413, 0.726
125016, 5, 124036, 292704, 571, 512.616, 398, 0.698
125064, 6, 124162, 292177, 570, 512.591, 373, 0.656
125092, 7, 124286, 292195, 570, 512.623, 393, 0.691
125008, 0, 124411, 291678, 569, 512.615, 383, 0.674
125064, 1, 124536, 292154, 570, 512.551, 347, 0.610
125072, 2, 124661, 292204, 570, 512.639, 412, 0.724
125044, 3, 124786, 292177, 570, 512.591, 390, 0.685
125148, 4, 124911, 292203, 570, 512.637, 408, 0.717
124972, 5, 125037, 292185, 570, 512.605, 397, 0.698
125088, 6, 125162, 292189, 570, 512.612, 430, 0.756
125100, 7, 125287, 292186, 570, 512.607, 370, 0.650
125008, 0, 125412, 292191, 570, 512.616, 385, 0.677
125100, 1, 125537, 292147, 570, 512.538, 355, 0.624
125044, 2, 125662, 291690, 569, 512.636, 397, 0.699
125064, 3, 125787, 291672, 569, 512.605, 383, 0.674
125112, 4, 125912, 292716, 571, 512.637, 410, 0.719
125060, 5, 126038, 292186, 570, 512.607, 376, 0.661
Stepper executed 21500 steps over 26888 ms (2/5 duty)
Transitioning to state DELAY [2000]
125020, 6, 126162, 316284, 617, 512.616, 427, 0.693
125056, 7, 126287, 315761, 616, 512.599, 417, 0.678
125024, 0, 126412, 316297, 617, 512.637, 453, 0.735
125132, 1, 126537, 316258, 617, 512.574, 384, 0.623
125016, 2, 126662, 316298, 617, 512.639, 452, 0.734
125112, 3, 126787, 316268, 617, 512.590, 391, 0.635
125004, 4, 126912, 315792, 616, 512.649, 453, 0.737
125072, 5, 127038, 315759, 616, 512.596, 382, 0.621
125040, 6, 127163, 316287, 617, 512.621, 422, 0.685
125100, 7, 127288, 316286, 617, 512.619, 445, 0.722
125060, 0, 127413, 316301, 617, 512.644, 438, 0.711
125040, 1, 127538, 315744, 616, 512.571, 422, 0.686
125140, 2, 127663, 316817, 618, 512.649, 441, 0.715
125060, 3, 127788, 316792, 618, 512.609, 424, 0.687
124996, 4, 127912, 316287, 617, 512.621, 435, 0.706
125084, 5, 128038, 316305, 617, 512.650, 461, 0.748
Transitioning to state STEPPER_RUN_CLOSED
Transitioning to state STEPPER_RUN
Running stepper in opened direction
125084, 6, 128163, 291692, 569, 512.640, 396, 0.697
125016, 7, 128288, 291678, 569, 512.615, 386, 0.680
125056, 0, 128413, 292187, 570, 512.609, 387, 0.680
125080, 1, 128538, 292168, 570, 512.575, 370, 0.650
125072, 2, 128663, 292203, 570, 512.637, 413, 0.726
125112, 3, 128788, 292193, 570, 512.619, 419, 0.736
125060, 4, 128914, 292219, 570, 512.665, 438, 0.770
125020, 5, 129039, 292700, 571, 512.609, 384, 0.674
125104, 6, 129164, 291676, 569, 512.612, 380, 0.669
125076, 7, 129289, 292194, 570, 512.621, 373, 0.656
124984, 0, 129414, 291683, 569, 512.624, 405, 0.713
125128, 1, 129539, 292155, 570, 512.553, 333, 0.585
125080, 2, 129664, 292729, 571, 512.660, 435, 0.763
125020, 3, 129788, 292702, 571, 512.613, 376, 0.660
125020, 4, 129914, 291686, 569, 512.629, 378, 0.665
125140, 5, 130039, 292198, 570, 512.628, 416, 0.731
124996, 6, 130164, 292181, 570, 512.598, 382, 0.671
125088, 7, 130289, 292709, 571, 512.625, 390, 0.684
125044, 0, 130414, 292218, 570, 512.663, 446, 0.784
125100, 1, 130539, 292166, 570, 512.572, 354, 0.622
125060, 2, 130664, 292198, 570, 512.628, 398, 0.699
125012, 3, 130789, 291662, 569, 512.587, 378, 0.665
125056, 4, 130915, 292188, 570, 512.610, 381, 0.670
125148, 5, 131040, 292197, 570, 512.626, 404, 0.710
125016, 6, 131165, 292192, 570, 512.618, 397, 0.698
125060, 7, 131290, 291676, 569, 512.612, 388, 0.683
125096, 0, 131415, 292205, 570, 512.640, 415, 0.729
125068, 1, 131539, 292673, 571, 512.562, 369, 0.647
125016, 2, 131664, 292201, 570, 512.634, 409, 0.719
125124, 3, 131790, 292170, 570, 512.579, 355, 0.624
124972, 4, 131915, 291699, 569, 512.652, 409, 0.720
125120, 5, 132040, 292193, 570, 512.619, 384, 0.675
125080, 6, 132165, 292699, 571, 512.608, 389, 0.682
125024, 7, 132290, 292190, 570, 512.614, 388, 0.682
125060, 0, 132415, 292193, 570, 512.619, 399, 0.701
125112, 1, 132540, 292153, 570, 512.549, 339, 0.596
125032, 2, 132666, 292204, 570, 512.639, 409, 0.719
125064, 3, 132791, 292179, 570, 512.595, 386, 0.678
125092, 4, 132916, 292695, 571, 512.601, 389, 0.682
124988, 5, 133041, 292184, 570, 512.604, 371, 0.652
125096, 6, 133166, 292184, 570, 512.604, 429, 0.754
125028, 7, 133291, 291653, 569, 512.571, 357, 0.629
125080, 0, 133415, 292201, 570, 512.634, 416, 0.731
125116, 1, 133540, 292184, 570, 512.604, 367, 0.645
124988, 2, 133666, 292219, 570, 512.665, 441, 0.775
125136, 3, 133791, 292192, 570, 512.617, 406, 0.714
124984, 4, 133916, 291695, 569, 512.645, 429, 0.755
125132, 5, 134041, 292736, 571, 512.673, 450, 0.789
125056, 6, 134166, 292189, 570, 512.612, 391, 0.687
125088, 7, 134291, 292203, 570, 512.637, 376, 0.661
125068, 0, 134416, 292225, 570, 512.675, 428, 0.752
124984, 1, 134541, 292161, 570, 512.563, 369, 0.649
125052, 2, 134667, 292201, 570, 512.633, 403, 0.708
125120, 3, 134792, 292711, 571, 512.629, 420, 0.737
125036, 4, 134917, 292186, 570, 512.607, 388, 0.682
125056, 5, 135042, 292184, 570, 512.603, 376, 0.661
125064, 6, 135166, 292209, 570, 512.647, 407, 0.715
125100, 7, 135291, 292688, 571, 512.588, 366, 0.642
125060, 0, 135416, 292182, 570, 512.600, 372, 0.654
125008, 1, 135541, 292118, 570, 512.488, 294, 0.517
125084, 2, 135667, 292193, 570, 512.619, 425, 0.747
125108, 3, 135792, 292168, 570, 512.575, 358, 0.629
125060, 4, 135917, 292691, 571, 512.594, 387, 0.679
125012, 5, 136042, 292177, 570, 512.591, 393, 0.691
125128, 6, 136167, 292199, 570, 512.630, 372, 0.654
124972, 7, 136292, 291692, 569, 512.640, 411, 0.724
125096, 0, 136417, 292160, 570, 512.562, 344, 0.605
125032, 1, 136543, 291675, 569, 512.610, 386, 0.680
125104, 2, 136668, 292209, 570, 512.647, 420, 0.738
125040, 3, 136793, 291671, 569, 512.603, 388, 0.683
125092, 4, 136918, 292218, 570, 512.663, 428, 0.752
125096, 5, 137042, 292195, 570, 512.622, 387, 0.680
125008, 6, 137167, 292703, 571, 512.614, 387, 0.679
125064, 7, 137292, 292189, 570, 512.612, 386, 0.678
125108, 0, 137418, 292208, 570, 512.645, 408, 0.717
124984, 1, 137543, 291649, 569, 512.564, 357, 0.629
125096, 2, 137668, 292206, 570, 512.642, 393, 0.691
125044, 3, 137793, 292196, 570, 512.625, 368, 0.647
125052, 4, 137918, 292194, 570, 512.621, 367, 0.645
125140, 5, 138043, 292203, 570, 512.637, 400, 0.703
125064, 6, 138168, 292196, 570, 512.625, 360, 0.633
125004, 7, 138293, 292151, 570, 512.546, 351, 0.617
125084, 0, 138419, 292201, 570, 512.634, 415, 0.729
125072, 1, 138544, 292195, 570, 512.623, 379, 0.666
125100, 2, 138669, 292175, 570, 512.588, 362, 0.636
124972, 3, 138793, 291688, 569, 512.633, 378, 0.665
125096, 4, 138918, 291665, 569, 512.592, 361, 0.636
125104, 5, 139043, 292708, 571, 512.624, 421, 0.739
125048, 6, 139168, 292209, 570, 512.647, 439, 0.772
125064, 7, 139293, 292203, 570, 512.637, 394, 0.692
125000, 0, 139419, 291687, 569, 512.631, 427, 0.752
125116, 1, 139544, 292167, 570, 512.573, 370, 0.650
125024, 2, 139669, 292209, 570, 512.647, 382, 0.671
125128, 3, 139794, 292669, 571, 512.555, 333, 0.584
124996, 4, 139919, 291709, 569, 512.670, 423, 0.745
125132, 5, 140044, 292187, 570, 512.609, 361, 0.634
125024, 6, 140169, 292187, 570, 512.609, 394, 0.692
125032, 7, 140294, 292707, 571, 512.621, 363, 0.637
125056, 0, 140420, 292216, 570, 512.659, 430, 0.756
125128, 1, 140545, 292671, 571, 512.559, 351, 0.616
125016, 2, 140669, 291680, 569, 512.618, 402, 0.708
125036, 3, 140794, 292174, 570, 512.586, 381, 0.670
125088, 4, 140919, 292697, 571, 512.604, 371, 0.651
125112, 5, 141044, 292179, 570, 512.595, 390, 0.685
125000, 6, 141169, 292196, 570, 512.625, 420, 0.738
125108, 7, 141295, 291689, 569, 512.635, 425, 0.748
125052, 0, 141420, 292197, 570, 512.626, 387, 0.680
125020, 1, 141545, 292171, 570, 512.581, 393, 0.691
125088, 2, 141670, 292199, 570, 512.630, 404, 0.710
125060, 3, 141795, 291684, 569, 512.626, 366, 0.644
125056, 4, 141920, 292214, 570, 512.656, 434, 0.763
125076, 5, 142045, 291688, 569, 512.633, 377, 0.664
125104, 6, 142171, 292710, 571, 512.627, 396, 0.695
125004, 7, 142296, 292180, 570, 512.597, 348, 0.612
125040, 0, 142420, 292185, 570, 512.605, 383, 0.673
125084, 1, 142545, 291636, 569, 512.541, 353, 0.621
125112, 2, 142670, 292722, 571, 512.648, 438, 0.768
125088, 3, 142795, 292703, 571, 512.615, 394, 0.691
125060, 4, 142920, 292720, 571, 512.644, 429, 0.753
124996, 5, 143045, 292179, 570, 512.595, 391, 0.687
125068, 6, 143171, 292173, 570, 512.584, 373, 0.656
125108, 7, 143296, 292192, 570, 512.617, 352, 0.619
125024, 0, 143421, 292205, 570, 512.641, 402, 0.707
125088, 1, 143546, 292160, 570, 512.562, 362, 0.636
125000, 2, 143671, 291686, 569, 512.629, 394, 0.694
125128, 3, 143796, 292187, 570, 512.609, 385, 0.677
125060, 4, 143921, 292210, 570, 512.649, 415, 0.729
125052, 5, 144046, 292716, 571, 512.638, 404, 0.709
125008, 6, 144172, 291688, 569, 512.633, 413, 0.727
125076, 7, 144296, 292208, 570, 512.645, 439, 0.772
125064, 0, 144421, 291680, 569, 512.619, 391, 0.688
125140, 1, 144546, 292668, 571, 512.553, 360, 0.632
125068, 2, 144671, 292701, 571, 512.611, 403, 0.707
125000, 3, 144796, 292185, 570, 512.605, 368, 0.647
125088, 4, 144921, 292204, 570, 512.639, 383, 0.673
125064, 5, 145047, 292195, 570, 512.623, 422, 0.742
125080, 6, 145172, 292174, 570, 512.586, 389, 0.684
125024, 7, 145297, 292710, 571, 512.627, 402, 0.705
125096, 0, 145422, 292188, 570, 512.611, 390, 0.685
125080, 1, 145547, 292686, 571, 512.585, 370, 0.649
124976, 2, 145672, 291688, 569, 512.633, 404, 0.711
125056, 3, 145797, 292174, 570, 512.586, 374, 0.657
125068, 4, 145922, 292193, 570, 512.619, 369, 0.649
125144, 5, 146048, 292169, 570, 512.577, 356, 0.626
125024, 6, 146172, 292197, 570, 512.626, 380, 0.668
125064, 7, 146297, 291675, 569, 512.610, 364, 0.641
125024, 0, 146422, 292181, 570, 512.599, 397, 0.698
125092, 1, 146547, 292186, 570, 512.607, 366, 0.643
125108, 2, 146672, 292731, 571, 512.664, 457, 0.802
125060, 3, 146797, 292176, 570, 512.589, 354, 0.622
125004, 4, 146922, 292209, 570, 512.648, 429, 0.754
125092, 5, 147048, 292173, 570, 512.584, 377, 0.663
125080, 6, 147173, 292690, 571, 512.592, 357, 0.626
125000, 7, 147298, 291673, 569, 512.606, 379, 0.667
125060, 0, 147423, 292189, 570, 512.612, 387, 0.680
125140, 1, 147548, 292149, 570, 512.542, 329, 0.578
124996, 2, 147673, 292214, 570, 512.656, 424, 0.745
125084, 3, 147798, 292704, 571, 512.616, 383, 0.672
125112, 4, 147923, 292705, 571, 512.618, 390, 0.684
125032, 5, 148048, 292194, 570, 512.621, 397, 0.698
125072, 6, 148173, 292194, 570, 512.621, 400, 0.703
124996, 7, 148298, 291668, 569, 512.598, 363, 0.639
125084, 0, 148423, 292700, 571, 512.609, 395, 0.693
125104, 1, 148548, 292167, 570, 512.574, 369, 0.649
125088, 2, 148673, 292204, 570, 512.639, 400, 0.703
125004, 3, 148798, 292192, 570, 512.617, 366, 0.643
125064, 4, 148924, 291695, 569, 512.645, 383, 0.674
125124, 5, 149049, 292702, 571, 512.613, 394, 0.691
124976, 6, 149174, 291659, 569, 512.582, 362, 0.637
125116, 7, 149299, 292181, 570, 512.598, 370, 0.650
125008, 0, 149424, 291673, 569, 512.606, 381, 0.671
125112, 1, 149549, 292132, 570, 512.512, 322, 0.566
125100, 2, 149673, 292695, 571, 512.601, 389, 0.682
125040, 3, 149799, 292678, 571, 512.571, 366, 0.642
125008, 4, 149924, 292197, 570, 512.626, 391, 0.687
125116, 5, 150049, 292206, 570, 512.642, 435, 0.764
125056, 6, 150174, 292179, 570, 512.595, 382, 0.671
125060, 7, 150299, 292705, 571, 512.618, 405, 0.711
125036, 0, 150424, 292207, 570, 512.644, 434, 0.763
125080, 1, 150549, 292649, 571, 512.520, 322, 0.565
125084, 2, 150674, 292190, 570, 512.614, 374, 0.657
125032, 3, 150800, 292182, 570, 512.600, 385, 0.677
125048, 4, 150925, 292200, 570, 512.632, 403, 0.708
125092, 5, 151050, 292734, 571, 512.669, 463, 0.812
125040, 6, 151175, 292184, 570, 512.603, 392, 0.689
125028, 7, 151300, 291681, 569, 512.620, 433, 0.762
125112, 0, 151425, 292179, 570, 512.595, 357, 0.627
125072, 1, 151549, 292178, 570, 512.593, 367, 0.645
125028, 2, 151674, 292206, 570, 512.642, 438, 0.770
125064, 3, 151800, 291678, 569, 512.615, 367, 0.646
125116, 4, 151925, 292233, 570, 512.689, 474, 0.833
125048, 5, 152050, 292198, 570, 512.628, 430, 0.756
125088, 6, 152175, 292692, 571, 512.596, 385, 0.675
125024, 7, 152300, 292192, 570, 512.617, 390, 0.685
125016, 0, 152425, 292207, 570, 512.644, 416, 0.731
125112, 1, 152550, 291647, 569, 512.561, 370, 0.651
125036, 2, 152676, 292207, 570, 512.644, 409, 0.719
125108, 3, 152801, 292680, 571, 512.574, 368, 0.646
125000, 4, 152926, 292196, 570, 512.625, 396, 0.696
125140, 5, 153051, 292198, 570, 512.628, 418, 0.735
125064, 6, 153176, 292180, 570, 512.597, 372, 0.654
125016, 7, 153300, 292188, 570, 512.610, 392, 0.689
125016, 0, 153425, 292702, 571, 512.613, 387, 0.679
125096, 1, 153550, 292159, 570, 512.560, 353, 0.620
125064, 2, 153676, 292190, 570, 512.614, 387, 0.680
125032, 3, 153801, 291668, 569, 512.598, 372, 0.655
125060, 4, 153926, 291694, 569, 512.643, 400, 0.704
125068, 5, 154051, 292201, 570, 512.634, 399, 0.701
125112, 6, 154176, 292181, 570, 512.598, 387, 0.680
125052, 7, 154301, 292201, 570, 512.633, 410, 0.721
125020, 0, 154426, 291686, 569, 512.629, 410, 0.722
125128, 1, 154552, 292148, 570, 512.540, 366, 0.643
125016, 2, 154677, 292212, 570, 512.653, 411, 0.722
125136, 3, 154802, 292688, 571, 512.588, 364, 0.639
124968, 4, 154927, 291688, 569, 512.633, 402, 0.708
Stepper executed 21500 steps over 26889 ms (2/5 duty)
Transitioning to state DELAY [1000]
125048, 5, 155052, 315269, 615, 512.632, 430, 0.700
125060, 6, 155176, 315753, 616, 512.586, 400, 0.650
125140, 7, 155301, 316783, 618, 512.594, 411, 0.666
125016, 0, 155426, 315781, 616, 512.632, 428, 0.696
125056, 1, 155552, 316237, 617, 512.539, 361, 0.586
125128, 2, 155677, 316306, 617, 512.652, 440, 0.714
125060, 3, 155802, 316766, 618, 512.567, 383, 0.621
125000, 4, 155927, 316310, 617, 512.658, 458, 0.744
Transitioning to state HV_REG_DISABLE
Transitioning to state DELAY [3000]
125116, 5, 156052, 314743, 614, 512.611, 421, 0.687
125060, 6, 156177, 316282, 617, 512.613, 424, 0.688
125004, 7, 156302, 316276, 617, 512.603, 406, 0.659
125068, 0, 156427, 316287, 617, 512.621, 420, 0.682
125076, 1, 156553, 316252, 617, 512.564, 391, 0.635
125120, 2, 156678, 316301, 617, 512.643, 451, 0.732
125048, 3, 156803, 316782, 618, 512.592, 392, 0.635
125060, 4, 156928, 316298, 617, 512.639, 437, 0.709
125000, 5, 157052, 316275, 617, 512.601, 417, 0.677
125080, 6, 157177, 316274, 617, 512.599, 393, 0.638
125048, 7, 157302, 316272, 617, 512.596, 410, 0.666
125088, 0, 157428, 316268, 617, 512.590, 415, 0.674
125060, 1, 157553, 315722, 616, 512.536, 378, 0.615
125052, 2, 157678, 316296, 617, 512.635, 423, 0.687
125080, 3, 157803, 316266, 617, 512.586, 398, 0.646
125100, 4, 157928, 316801, 618, 512.623, 460, 0.746
125016, 5, 158053, 316291, 617, 512.627, 441, 0.716
125036, 6, 158178, 315769, 616, 512.612, 403, 0.655
125060, 7, 158303, 316255, 617, 512.569, 401, 0.651
125052, 0, 158429, 316271, 617, 512.595, 389, 0.631
125080, 1, 158554, 316239, 617, 512.543, 378, 0.614
125112, 2, 158679, 316798, 618, 512.618, 431, 0.699
125024, 3, 158803, 315769, 616, 512.612, 416, 0.676
125132, 4, 158928, 316807, 618, 512.633, 436, 0.707
Transitioning to state CHUTE_TRIGGER_WAIT
124976, 5, 159053, 315770, 616, 512.613, 424, 0.689
125052, 6, 159178, 316275, 617, 512.601, 394, 0.640
125060, 7, 159303, 316257, 617, 512.572, 404, 0.656
125072, 0, 159429, 316290, 617, 512.626, 463, 0.752
125144, 1, 159554, 316746, 618, 512.534, 377, 0.611
125024, 2, 159679, 316803, 618, 512.626, 441, 0.715
125068, 3, 159804, 316278, 617, 512.606, 404, 0.656
125080, 4, 159929, 316801, 618, 512.623, 421, 0.682
125036, 5, 160054, 316281, 617, 512.611, 418, 0.679
125052, 6, 160179, 316265, 617, 512.585, 389, 0.631
125076, 7, 160305, 316751, 618, 512.542, 385, 0.624
125104, 0, 160430, 316288, 617, 512.622, 412, 0.669
124988, 1, 160555, 316250, 617, 512.561, 376, 0.610
125132, 2, 160679, 316294, 617, 512.632, 443, 0.719
125000, 3, 160804, 316274, 617, 512.600, 422, 0.685
125072, 4, 160929, 316294, 617, 512.632, 432, 0.701
125120, 5, 161054, 316808, 618, 512.634, 437, 0.708
125028, 6, 161179, 316265, 617, 512.585, 391, 0.635
125076, 7, 161305, 316306, 617, 512.651, 462, 0.750
125028, 0, 161430, 316285, 617, 512.618, 417, 0.677
125092, 1, 161555, 316759, 618, 512.555, 381, 0.618
125004, 2, 161680, 315783, 616, 512.635, 435, 0.707
Transitioning to state DELAY [1000]
125064, 3, 161805, 316272, 617, 512.597, 380, 0.617
125060, 4, 161930, 316291, 617, 512.627, 427, 0.693
125076, 5, 162055, 316279, 617, 512.608, 425, 0.690
125124, 6, 162181, 316772, 618, 512.576, 400, 0.648
125004, 7, 162306, 316283, 617, 512.614, 395, 0.641
125060, 0, 162430, 316273, 617, 512.598, 427, 0.693
125132, 1, 162555, 316734, 618, 512.515, 356, 0.577
124988, 2, 162680, 316267, 617, 512.588, 394, 0.640
125044, 3, 162805, 315782, 616, 512.633, 465, 0.756
Transitioning to state CHUTE_TRIGGER_VERIFY
Transitioning to state DELAY [1000]
125140, 4, 162930, 316807, 618, 512.633, 445, 0.721
125060, 5, 163055, 316276, 617, 512.603, 446, 0.724
125036, 6, 163181, 316262, 617, 512.580, 414, 0.672
125080, 7, 163306, 316784, 618, 512.596, 434, 0.703
125036, 0, 163431, 316274, 617, 512.600, 403, 0.654
125056, 1, 163556, 316248, 617, 512.558, 390, 0.633
125120, 2, 163681, 316808, 618, 512.634, 446, 0.723
124980, 3, 163806, 315756, 616, 512.591, 400, 0.650
Transitioning to state ELECTROMETER_DISABLE
Transitioning to state DELAY [500]
Transitioning to state 12V_REG_DISABLE
Transitioning to state TERMINATE
