17:44:42.238 -> 
17:44:42.238 -> 
17:44:42.238 -> Starting state machine
17:44:42.238 -> 
17:44:42.238 -> 
17:44:42.238 -> Initializing SD card ... fail!
17:44:44.233 -> Transitioning to state INITIALIZE
17:44:44.233 -> Transitioning to state 12V_REG_ENABLE
17:44:44.233 -> Transitioning to state DELAY [500]
17:44:44.732 -> Transitioning to state ELECTROMETER_ENABLE
17:44:44.732 -> Transitioning to state DELAY [3000]
17:44:44.964 -> 0, 0, 2731, 315791, 616, 512.648, 453, 0.737
17:44:45.098 -> 125104, 1, 2855, 316236, 617, 512.538, 391, 0.635
17:44:45.197 -> 125068, 2, 2980, 316295, 617, 512.634, 427, 0.693
17:44:45.330 -> 125012, 3, 3106, 316314, 617, 512.664, 478, 0.776
17:44:45.463 -> 125024, 4, 3231, 315784, 616, 512.636, 448, 0.728
17:44:45.596 -> 125124, 5, 3356, 316798, 618, 512.618, 446, 0.723
17:44:45.695 -> 125068, 6, 3481, 316243, 617, 512.549, 370, 0.601
17:44:45.828 -> 125040, 7, 3606, 316296, 617, 512.635, 406, 0.659
17:44:45.961 -> 125052, 0, 3731, 315793, 616, 512.651, 443, 0.720
17:44:46.094 -> 125044, 1, 3856, 316246, 617, 512.555, 389, 0.631
17:44:46.194 -> 125080, 2, 3981, 316290, 617, 512.625, 421, 0.683
17:44:46.327 -> 125080, 3, 4107, 316830, 618, 512.669, 489, 0.793
17:44:46.460 -> 125084, 4, 4232, 316288, 617, 512.622, 436, 0.708
17:44:46.592 -> 124988, 5, 4357, 315771, 616, 512.615, 397, 0.646
17:44:46.692 -> 125148, 6, 4482, 316281, 617, 512.611, 391, 0.635
17:44:46.826 -> 124972, 7, 4606, 316290, 617, 512.625, 421, 0.683
17:44:46.958 -> 125132, 0, 4731, 316306, 617, 512.652, 435, 0.706
17:44:47.092 -> 124996, 1, 4856, 316255, 617, 512.569, 393, 0.638
17:44:47.192 -> 125128, 2, 4982, 316301, 617, 512.643, 429, 0.696
17:44:47.324 -> 125080, 3, 5107, 316824, 618, 512.660, 465, 0.754
17:44:47.458 -> 124976, 4, 5232, 316316, 617, 512.668, 460, 0.747
17:44:47.590 -> 125076, 5, 5357, 315766, 616, 512.607, 419, 0.681
17:44:47.690 -> 125052, 6, 5482, 316257, 617, 512.572, 399, 0.648
17:44:47.723 -> Transitioning to state COAST_TRIGGER_WAIT
17:44:47.723 -> Transitioning to state DELAY [1000]
17:44:47.823 -> 125156, 7, 5607, 316297, 617, 512.637, 413, 0.670
17:44:47.956 -> 125008, 0, 5732, 316287, 617, 512.621, 448, 0.727
17:44:48.090 -> 125088, 1, 5857, 316231, 617, 512.530, 366, 0.594
17:44:48.189 -> 125092, 2, 5983, 316298, 617, 512.639, 402, 0.653
17:44:48.322 -> 125060, 3, 6108, 316314, 617, 512.664, 428, 0.695
17:44:48.455 -> 125052, 4, 6233, 316832, 618, 512.673, 513, 0.831
17:44:48.589 -> 124988, 5, 6358, 315751, 616, 512.583, 395, 0.642
17:44:48.689 -> 125112, 6, 6482, 316793, 618, 512.610, 464, 0.752
17:44:48.722 -> Transitioning to state COAST_TRIGGER_VERIFY
17:44:48.722 -> Transitioning to state DELAY [1000]
17:44:48.822 -> 125016, 7, 6607, 316273, 617, 512.598, 439, 0.713
17:44:48.955 -> 125064, 0, 6732, 316295, 617, 512.634, 457, 0.742
17:44:49.089 -> 125076, 1, 6857, 315741, 616, 512.567, 383, 0.623
17:44:49.188 -> 125080, 2, 6983, 316302, 617, 512.646, 443, 0.719
17:44:49.321 -> 125096, 3, 7108, 316324, 617, 512.681, 459, 0.745
17:44:49.454 -> 125000, 4, 7233, 316313, 617, 512.663, 452, 0.734
17:44:49.587 -> 125140, 5, 7358, 316320, 617, 512.674, 476, 0.773
17:44:49.686 -> 125040, 6, 7483, 316292, 617, 512.629, 397, 0.644
17:44:49.719 -> Transitioning to state HV_REG_ENABLE
17:44:49.719 -> Transitioning to state DELAY [15000]
17:44:49.820 -> 125064, 7, 7608, 316301, 617, 512.643, 447, 0.726
17:44:49.975 -> 125040, 0, 7733, 316315, 617, 512.666, 473, 0.768
17:44:50.085 -> 125076, 1, 7859, 316238, 617, 512.541, 375, 0.609
17:44:50.184 -> 125008, 2, 7984, 315793, 616, 512.651, 461, 0.750
17:44:50.317 -> 125132, 3, 8109, 316308, 617, 512.655, 450, 0.731
17:44:50.451 -> 125056, 4, 8233, 316820, 618, 512.654, 441, 0.715
17:44:50.584 -> 125084, 5, 8358, 316828, 618, 512.666, 470, 0.762
17:44:50.684 -> 125016, 6, 8483, 316288, 617, 512.622, 444, 0.721
17:44:50.817 -> 125064, 7, 8608, 316276, 617, 512.603, 413, 0.670
17:44:50.950 -> 125052, 0, 8733, 316308, 617, 512.655, 438, 0.711
17:44:51.083 -> 125064, 1, 8859, 316257, 617, 512.572, 387, 0.628
17:44:51.183 -> 125052, 2, 8984, 316312, 617, 512.661, 453, 0.735
17:44:51.316 -> 125104, 3, 9109, 316802, 618, 512.624, 436, 0.707
17:44:51.450 -> 125000, 4, 9234, 316304, 617, 512.648, 455, 0.739
17:44:51.583 -> 125068, 5, 9359, 316302, 617, 512.645, 460, 0.747
17:44:51.683 -> 125124, 6, 9484, 316282, 617, 512.613, 422, 0.685
17:44:51.816 -> 125080, 7, 9609, 316803, 618, 512.626, 425, 0.689
17:44:51.949 -> 125004, 0, 9734, 316315, 617, 512.666, 459, 0.745
17:44:52.083 -> 125076, 1, 9860, 316252, 617, 512.564, 390, 0.633
17:44:52.182 -> 125080, 2, 9985, 316297, 617, 512.637, 437, 0.709
17:44:52.315 -> 125008, 3, 10109, 316297, 617, 512.637, 449, 0.729
17:44:52.447 -> 125072, 4, 10234, 316290, 617, 512.626, 445, 0.722
17:44:52.581 -> 125056, 5, 10359, 316322, 617, 512.678, 472, 0.766
17:44:52.680 -> 125080, 6, 10484, 316292, 617, 512.629, 433, 0.703
17:44:52.813 -> 125080, 7, 10609, 315778, 616, 512.627, 422, 0.686
17:44:52.946 -> 125056, 0, 10735, 316308, 617, 512.655, 462, 0.750
17:44:53.079 -> 125104, 1, 10860, 316269, 617, 512.592, 398, 0.646
17:44:53.178 -> 125068, 2, 10985, 316835, 618, 512.678, 472, 0.765
17:44:53.311 -> 124976, 3, 11110, 315802, 616, 512.665, 456, 0.741
17:44:53.444 -> 125096, 4, 11235, 316316, 617, 512.667, 472, 0.766
17:44:53.577 -> 125104, 5, 11360, 316324, 617, 512.681, 497, 0.807
17:44:53.677 -> 124984, 6, 11485, 316306, 617, 512.651, 462, 0.750
17:44:53.810 -> 125156, 7, 11611, 316281, 617, 512.611, 422, 0.685
17:44:53.943 -> 125064, 0, 11736, 316833, 618, 512.675, 467, 0.757
17:44:54.075 -> 125040, 1, 11860, 316258, 617, 512.574, 402, 0.653
17:44:54.176 -> 125020, 2, 11985, 316303, 617, 512.647, 467, 0.758
17:44:54.308 -> 125052, 3, 12110, 316292, 617, 512.628, 435, 0.706
17:44:54.441 -> 125068, 4, 12235, 316302, 617, 512.645, 442, 0.718
17:44:54.575 -> 125048, 5, 12360, 316337, 617, 512.702, 505, 0.820
17:44:54.675 -> 125092, 6, 12485, 316277, 617, 512.605, 419, 0.680
17:44:54.808 -> 125024, 7, 12611, 315794, 616, 512.652, 451, 0.733
17:44:54.940 -> 125104, 0, 12736, 316812, 618, 512.641, 460, 0.746
17:44:55.073 -> 125028, 1, 12861, 316241, 617, 512.546, 375, 0.609
17:44:55.173 -> 125136, 2, 12986, 316327, 617, 512.686, 505, 0.820
17:44:55.307 -> 124980, 3, 13111, 315792, 616, 512.649, 465, 0.756
17:44:55.440 -> 125064, 4, 13236, 315751, 616, 512.583, 375, 0.610
17:44:55.573 -> 125152, 5, 13361, 316827, 618, 512.665, 485, 0.786
17:44:55.706 -> 124988, 6, 13486, 315797, 616, 512.657, 479, 0.779
17:44:55.806 -> 125120, 7, 13612, 316295, 617, 512.634, 413, 0.670
17:44:55.938 -> 125068, 0, 13736, 316315, 617, 512.666, 462, 0.750
17:44:56.072 -> 125008, 1, 13861, 316257, 617, 512.572, 399, 0.648
17:44:56.205 -> 125096, 2, 13986, 316304, 617, 512.648, 446, 0.724
17:44:56.304 -> 125088, 3, 14111, 316823, 618, 512.659, 463, 0.750
17:44:56.437 -> 125068, 4, 14236, 316314, 617, 512.664, 470, 0.763
17:44:56.571 -> 125028, 5, 14361, 316320, 617, 512.675, 478, 0.776
17:44:56.670 -> 125056, 6, 14486, 316286, 617, 512.619, 439, 0.713
17:44:56.803 -> 125100, 7, 14612, 316820, 618, 512.654, 444, 0.720
17:44:56.936 -> 125068, 0, 14737, 316310, 617, 512.658, 440, 0.714
17:44:57.070 -> 124980, 1, 14862, 316262, 617, 512.580, 400, 0.649
17:44:57.169 -> 125068, 2, 14987, 316299, 617, 512.641, 439, 0.713
17:44:57.302 -> 125140, 3, 15112, 316803, 618, 512.626, 439, 0.712
17:44:57.435 -> 125064, 4, 15237, 316830, 618, 512.670, 463, 0.750
17:44:57.569 -> 125056, 5, 15362, 316856, 618, 512.712, 528, 0.856
17:44:57.669 -> 124980, 6, 15486, 316289, 617, 512.624, 433, 0.703
17:44:57.801 -> 125100, 7, 15612, 315797, 616, 512.657, 454, 0.738
17:44:57.935 -> 125064, 0, 15737, 316302, 617, 512.645, 451, 0.732
17:44:58.067 -> 125060, 1, 15862, 316252, 617, 512.564, 400, 0.649
17:44:58.167 -> 125080, 2, 15987, 316824, 618, 512.660, 466, 0.755
17:44:58.300 -> 125100, 3, 16112, 316329, 617, 512.689, 501, 0.813
17:44:58.433 -> 125036, 4, 16237, 316315, 617, 512.666, 451, 0.732
17:44:58.567 -> 125024, 5, 16362, 316330, 617, 512.690, 483, 0.784
17:44:58.700 -> 125060, 6, 16488, 316300, 617, 512.642, 429, 0.696
17:44:58.799 -> 125084, 7, 16613, 316304, 617, 512.648, 463, 0.752
17:44:58.932 -> 125040, 0, 16738, 316818, 618, 512.651, 459, 0.744
17:44:59.065 -> 125116, 1, 16863, 316250, 617, 512.561, 420, 0.682
17:44:59.198 -> 124984, 2, 16988, 316339, 617, 512.705, 485, 0.787
17:44:59.298 -> 125084, 3, 17113, 316317, 617, 512.669, 434, 0.705
17:44:59.430 -> 125068, 4, 17238, 316284, 617, 512.616, 405, 0.657
17:44:59.563 -> 125120, 5, 17363, 315853, 616, 512.749, 553, 0.899
17:44:59.697 -> 125032, 6, 17488, 316264, 617, 512.583, 384, 0.623
17:44:59.796 -> 125100, 7, 17613, 316277, 617, 512.605, 410, 0.666
17:44:59.929 -> 124992, 0, 17738, 316799, 618, 512.620, 422, 0.684
17:45:00.063 -> 125140, 1, 17863, 316264, 617, 512.583, 377, 0.612
17:45:00.163 -> 125008, 2, 17988, 316832, 618, 512.673, 506, 0.820
17:45:00.296 -> 125064, 3, 18113, 316274, 617, 512.600, 428, 0.695
17:45:00.428 -> 125092, 4, 18238, 316300, 617, 512.642, 426, 0.692
17:45:00.563 -> 125048, 5, 18364, 316315, 617, 512.666, 443, 0.719
17:45:00.663 -> 125016, 6, 18489, 315771, 616, 512.615, 394, 0.641
17:45:00.795 -> 125088, 7, 18614, 316298, 617, 512.639, 408, 0.662
17:45:00.928 -> 125052, 0, 18739, 316322, 617, 512.678, 466, 0.756
17:45:01.061 -> 125116, 1, 18864, 316743, 618, 512.529, 373, 0.605
17:45:01.194 -> 124988, 2, 18989, 316291, 617, 512.627, 419, 0.680
17:45:01.294 -> 125064, 3, 19113, 316313, 617, 512.663, 457, 0.742
17:45:01.427 -> 125052, 4, 19239, 316334, 617, 512.697, 520, 0.844
17:45:01.559 -> 125160, 5, 19364, 316300, 617, 512.642, 417, 0.677
17:45:01.692 -> 125040, 6, 19489, 316300, 617, 512.642, 465, 0.755
17:45:01.791 -> 125040, 7, 19614, 316798, 618, 512.618, 410, 0.665
17:45:01.924 -> 125100, 0, 19739, 316293, 617, 512.631, 436, 0.708
17:45:02.057 -> 125068, 1, 19864, 316774, 618, 512.579, 394, 0.639
17:45:02.190 -> 124968, 2, 19989, 315792, 616, 512.649, 457, 0.743
17:45:02.290 -> 125112, 3, 20114, 316286, 617, 512.619, 402, 0.653
17:45:02.423 -> 125028, 4, 20239, 316314, 617, 512.664, 448, 0.727
17:45:02.556 -> 125128, 5, 20365, 316848, 618, 512.699, 472, 0.765
17:45:02.689 -> 125044, 6, 20490, 316283, 617, 512.614, 410, 0.666
17:45:02.789 -> 125060, 7, 20615, 316317, 617, 512.669, 461, 0.748
17:45:02.922 -> 125080, 0, 20740, 316310, 617, 512.658, 434, 0.705
17:45:03.055 -> 125068, 1, 20865, 316260, 617, 512.577, 381, 0.619
17:45:03.189 -> 125020, 2, 20989, 316297, 617, 512.637, 406, 0.659
17:45:03.288 -> 125080, 3, 21114, 316338, 617, 512.703, 498, 0.808
17:45:03.421 -> 125048, 4, 21240, 316295, 617, 512.634, 433, 0.703
17:45:03.553 -> 125068, 5, 21365, 315815, 616, 512.687, 465, 0.756
17:45:03.686 -> 125044, 6, 21490, 316293, 617, 512.631, 417, 0.677
17:45:03.786 -> 125096, 7, 21615, 316283, 617, 512.614, 427, 0.693
17:45:03.919 -> 125004, 0, 21740, 315792, 616, 512.649, 421, 0.685
17:45:04.052 -> 125108, 1, 21865, 315776, 616, 512.623, 428, 0.696
17:45:04.185 -> 125036, 2, 21990, 316306, 617, 512.652, 442, 0.718
17:45:04.286 -> 125056, 3, 22115, 316326, 617, 512.684, 471, 0.765
17:45:04.419 -> 125116, 4, 22241, 316306, 617, 512.651, 452, 0.734
17:45:04.552 -> 125036, 5, 22366, 316335, 617, 512.698, 479, 0.778
17:45:04.685 -> 125088, 6, 22491, 316292, 617, 512.629, 471, 0.765
17:45:04.685 -> Transitioning to state STEPPER_RUN_OPENED
17:45:04.721 -> Transitioning to state STEPPER_RUN
17:45:04.721 -> Running stepper in opened direction
17:45:04.785 -> 125076, 7, 22616, 292199, 570, 512.630, 372, 0.654
17:45:04.917 -> 125020, 0, 22740, 292218, 570, 512.663, 434, 0.763
17:45:05.050 -> 125060, 1, 22865, 292159, 570, 512.560, 366, 0.643
17:45:05.183 -> 125064, 2, 22990, 291679, 569, 512.617, 372, 0.655
17:45:05.283 -> 125132, 3, 23116, 291712, 569, 512.675, 416, 0.732
17:45:05.416 -> 125020, 4, 23241, 292216, 570, 512.659, 392, 0.689
17:45:05.549 -> 125024, 5, 23366, 292737, 571, 512.674, 473, 0.830
17:45:05.683 -> 125096, 6, 23491, 292205, 570, 512.640, 387, 0.680
17:45:05.783 -> 125056, 7, 23616, 292178, 570, 512.593, 390, 0.685
17:45:05.915 -> 125060, 0, 23741, 291691, 569, 512.638, 404, 0.711
17:45:06.049 -> 125116, 1, 23866, 292691, 571, 512.594, 377, 0.661
17:45:06.182 -> 125064, 2, 23992, 292726, 571, 512.655, 403, 0.707
17:45:06.282 -> 125060, 3, 24117, 292704, 571, 512.616, 406, 0.712
17:45:06.415 -> 124988, 4, 24242, 291710, 569, 512.671, 433, 0.762
17:45:06.548 -> 125104, 5, 24367, 292232, 570, 512.688, 442, 0.777
17:45:06.681 -> 125048, 6, 24492, 291696, 569, 512.647, 385, 0.678
17:45:06.781 -> 125100, 7, 24616, 292706, 571, 512.620, 367, 0.644
17:45:06.914 -> 125040, 0, 24741, 292212, 570, 512.652, 409, 0.719
17:45:07.047 -> 125028, 1, 24866, 292179, 570, 512.595, 387, 0.680
17:45:07.181 -> 125044, 2, 24991, 292208, 570, 512.645, 386, 0.678
17:45:07.280 -> 125144, 3, 25117, 292186, 570, 512.607, 373, 0.656
17:45:07.413 -> 124984, 4, 25242, 292216, 570, 512.660, 437, 0.768
17:45:07.547 -> 125088, 5, 25367, 292231, 570, 512.686, 479, 0.842
17:45:07.679 -> 125072, 6, 25492, 292223, 570, 512.672, 414, 0.728
17:45:07.779 -> 125068, 7, 25617, 292208, 570, 512.646, 448, 0.787
17:45:07.913 -> 125048, 0, 25742, 292208, 570, 512.646, 405, 0.712
17:45:08.045 -> 125128, 1, 25867, 292672, 571, 512.561, 349, 0.612
17:45:08.179 -> 124976, 2, 25993, 292213, 570, 512.654, 432, 0.759
17:45:08.278 -> 125100, 3, 26118, 292208, 570, 512.645, 407, 0.715
17:45:08.411 -> 125080, 4, 26243, 292218, 570, 512.663, 428, 0.752
17:45:08.545 -> 125092, 5, 26368, 292239, 570, 512.700, 468, 0.822
17:45:08.677 -> 125064, 6, 26492, 293157, 572, 512.512, 325, 0.569
17:45:08.777 -> 125036, 7, 26617, 292212, 570, 512.652, 435, 0.764
17:45:08.910 -> 125032, 0, 26742, 292185, 570, 512.605, 381, 0.670
17:45:09.043 -> 125116, 1, 26868, 292138, 570, 512.523, 346, 0.608
17:45:09.177 -> 125020, 2, 26993, 292182, 570, 512.600, 384, 0.675
17:45:09.276 -> 125060, 3, 27118, 292698, 571, 512.606, 387, 0.679
17:45:09.409 -> 125068, 4, 27243, 292723, 571, 512.649, 418, 0.733
17:45:09.542 -> 125056, 5, 27368, 292133, 570, 512.514, 317, 0.557
17:45:09.676 -> 125072, 6, 27493, 292163, 570, 512.567, 366, 0.643
17:45:09.776 -> 125084, 7, 27618, 292710, 571, 512.627, 424, 0.744
17:45:09.909 -> 125044, 0, 27743, 292698, 571, 512.606, 378, 0.663
17:45:10.042 -> 125072, 1, 27869, 292141, 570, 512.528, 355, 0.624
17:45:10.176 -> 125064, 2, 27994, 292205, 570, 512.640, 419, 0.736
17:45:10.276 -> 125056, 3, 28119, 292179, 570, 512.595, 395, 0.694
17:45:10.409 -> 125016, 4, 28243, 291687, 569, 512.631, 394, 0.694
17:45:10.541 -> 125124, 5, 28368, 292670, 571, 512.557, 365, 0.640
17:45:10.674 -> 125080, 6, 28493, 292162, 570, 512.565, 362, 0.636
17:45:10.774 -> 125008, 7, 28618, 292180, 570, 512.596, 394, 0.692
17:45:10.906 -> 125080, 0, 28743, 291668, 569, 512.598, 370, 0.651
17:45:11.040 -> 125068, 1, 28869, 292146, 570, 512.537, 346, 0.608
17:45:11.172 -> 125008, 2, 28994, 292184, 570, 512.603, 370, 0.650
17:45:11.272 -> 125120, 3, 29119, 292688, 571, 512.588, 380, 0.667
17:45:11.405 -> 125004, 4, 29244, 292221, 570, 512.669, 441, 0.775
17:45:11.537 -> 125148, 5, 29369, 292178, 570, 512.593, 395, 0.694
17:45:11.670 -> 125012, 6, 29494, 292153, 570, 512.549, 381, 0.670
17:45:11.803 -> 125040, 7, 29619, 292688, 571, 512.589, 365, 0.640
17:45:11.902 -> 125112, 0, 29745, 292186, 570, 512.607, 366, 0.643
17:45:12.035 -> 125028, 1, 29870, 292144, 570, 512.533, 332, 0.583
17:45:12.168 -> 125092, 2, 29995, 292194, 570, 512.621, 390, 0.685
17:45:12.300 -> 125036, 3, 30119, 292721, 571, 512.646, 417, 0.732
17:45:12.400 -> 125104, 4, 30244, 292724, 571, 512.651, 406, 0.712
17:45:12.532 -> 125076, 5, 30369, 292190, 570, 512.614, 423, 0.743
17:45:12.665 -> 125004, 6, 30494, 292178, 570, 512.593, 366, 0.643
17:45:12.765 -> 125028, 7, 30619, 291696, 569, 512.646, 432, 0.761
17:45:12.898 -> 125108, 0, 30745, 292204, 570, 512.639, 430, 0.756
17:45:13.031 -> 125024, 1, 30870, 292150, 570, 512.544, 342, 0.601
17:45:13.164 -> 125136, 2, 30995, 292722, 571, 512.648, 429, 0.753
17:45:13.297 -> 125040, 3, 31120, 292210, 570, 512.649, 414, 0.728
17:45:13.396 -> 125012, 4, 31245, 290934, 568, 512.208, 66063, 116.513
17:45:13.529 -> 125116, 5, 31370, 292186, 570, 512.607, 395, 0.694
17:45:13.662 -> 125068, 6, 31495, 292707, 571, 512.621, 409, 0.718
17:45:13.795 -> 125076, 7, 31621, 292207, 570, 512.644, 413, 0.726
17:45:13.895 -> 124988, 0, 31746, 292208, 570, 512.646, 416, 0.731
17:45:14.027 -> 125128, 1, 31870, 292155, 570, 512.553, 361, 0.634
17:45:14.160 -> 124988, 2, 31995, 292204, 570, 512.638, 408, 0.717
17:45:14.293 -> 125076, 3, 32120, 292193, 570, 512.619, 387, 0.680
17:45:14.393 -> 125092, 4, 32245, 292223, 570, 512.672, 412, 0.724
17:45:14.526 -> 125040, 5, 32370, 292225, 570, 512.675, 441, 0.775
17:45:14.659 -> 125100, 6, 32495, 292206, 570, 512.642, 425, 0.747
17:45:14.792 -> 125072, 7, 32621, 292202, 570, 512.635, 433, 0.761
17:45:14.891 -> 125068, 0, 32746, 292718, 571, 512.641, 409, 0.718
17:45:15.024 -> 125016, 1, 32871, 292172, 570, 512.583, 393, 0.691
17:45:15.157 -> 125124, 2, 32996, 292210, 570, 512.649, 404, 0.710
17:45:15.289 -> 125032, 3, 33121, 292205, 570, 512.640, 418, 0.735
17:45:15.390 -> 125024, 4, 33246, 291702, 569, 512.657, 400, 0.704
17:45:15.522 -> 125120, 5, 33371, 292728, 571, 512.658, 403, 0.707
17:45:15.655 -> 125072, 6, 33496, 292197, 570, 512.626, 418, 0.735
17:45:15.788 -> 125008, 7, 33622, 292224, 570, 512.673, 432, 0.759
17:45:15.887 -> 125084, 0, 33746, 291700, 569, 512.654, 411, 0.724
17:45:16.020 -> 125064, 1, 33871, 292174, 570, 512.586, 381, 0.670
17:45:16.153 -> 125072, 2, 33996, 292729, 571, 512.660, 429, 0.753
17:45:16.285 -> 125096, 3, 34121, 292719, 571, 512.642, 412, 0.723
17:45:16.418 -> 125000, 4, 34246, 291707, 569, 512.666, 407, 0.717
17:45:16.522 -> 125100, 5, 34371, 292221, 570, 512.669, 432, 0.759
17:45:16.655 -> 125028, 6, 34496, 291675, 569, 512.610, 378, 0.665
17:45:16.788 -> 125100, 7, 34622, 292716, 571, 512.638, 418, 0.733
17:45:16.888 -> 125028, 0, 34747, 292230, 570, 512.684, 433, 0.761
17:45:17.020 -> 125076, 1, 34872, 292192, 570, 512.618, 394, 0.692
17:45:17.153 -> 125020, 2, 34997, 291697, 569, 512.648, 398, 0.701
17:45:17.286 -> 125084, 3, 35122, 292217, 570, 512.661, 409, 0.719
17:45:17.386 -> 125068, 4, 35247, 292726, 571, 512.655, 431, 0.756
17:45:17.518 -> 125124, 5, 35372, 292234, 570, 512.691, 448, 0.787
17:45:17.651 -> 124984, 6, 35497, 292202, 570, 512.635, 404, 0.710
17:45:17.783 -> 125048, 7, 35622, 291676, 569, 512.612, 380, 0.669
17:45:17.883 -> 125068, 0, 35747, 292208, 570, 512.646, 407, 0.715
17:45:18.016 -> 125064, 1, 35872, 292177, 570, 512.591, 383, 0.673
17:45:18.148 -> 125088, 2, 35997, 292233, 570, 512.689, 457, 0.803
17:45:18.281 -> 125024, 3, 36122, 291695, 569, 512.645, 404, 0.711
17:45:18.381 -> 125140, 4, 36247, 292212, 570, 512.653, 408, 0.717
17:45:18.514 -> 125028, 5, 36372, 291708, 569, 512.668, 427, 0.752
17:45:18.646 -> 125036, 6, 36498, 292197, 570, 512.626, 390, 0.685
17:45:18.779 -> 125116, 7, 36623, 292195, 570, 512.623, 398, 0.699
17:45:18.912 -> 125060, 0, 36748, 292739, 571, 512.677, 440, 0.772
17:45:19.012 -> 125072, 1, 36873, 292173, 570, 512.584, 374, 0.657
17:45:19.144 -> 125068, 2, 36998, 292227, 570, 512.679, 447, 0.786
17:45:19.277 -> 124984, 3, 37123, 292204, 570, 512.638, 410, 0.721
17:45:19.410 -> 125140, 4, 37248, 293247, 572, 512.670, 423, 0.741
17:45:19.509 -> 124992, 5, 37372, 291714, 569, 512.678, 440, 0.775
17:45:19.642 -> 125104, 6, 37498, 292194, 570, 512.621, 396, 0.696
17:45:19.775 -> 125080, 7, 37623, 292212, 570, 512.652, 424, 0.745
17:45:19.908 -> 125024, 0, 37748, 292723, 571, 512.650, 433, 0.760
17:45:20.008 -> 125108, 1, 37873, 292187, 570, 512.609, 384, 0.675
17:45:20.141 -> 125060, 2, 37998, 292228, 570, 512.681, 436, 0.766
17:45:20.274 -> 125056, 3, 38123, 292207, 570, 512.644, 405, 0.712
17:45:20.406 -> 125020, 4, 38248, 291698, 569, 512.650, 412, 0.725
17:45:20.506 -> 125048, 5, 38374, 292750, 571, 512.697, 463, 0.812
17:45:20.639 -> 125088, 6, 38499, 292200, 570, 512.632, 419, 0.736
17:45:20.771 -> 125048, 7, 38624, 292194, 570, 512.621, 370, 0.650
17:45:20.904 -> 125068, 0, 38749, 292217, 570, 512.662, 423, 0.743
17:45:21.004 -> 125068, 1, 38874, 292177, 570, 512.591, 371, 0.652
17:45:21.137 -> 125084, 2, 38999, 292723, 571, 512.649, 407, 0.714
17:45:21.270 -> 125088, 3, 39123, 292700, 571, 512.609, 372, 0.653
17:45:21.403 -> 125056, 4, 39249, 292216, 570, 512.660, 426, 0.749
17:45:21.502 -> 125072, 5, 39374, 292219, 570, 512.665, 416, 0.731
17:45:21.635 -> 125040, 6, 39499, 292209, 570, 512.647, 441, 0.775
17:45:21.768 -> 125064, 7, 39624, 292703, 571, 512.615, 375, 0.658
17:45:21.900 -> 125084, 0, 39749, 292238, 570, 512.698, 459, 0.807
17:45:22.033 -> 125076, 1, 39874, 292687, 571, 512.587, 403, 0.707
17:45:22.133 -> 125040, 2, 39999, 292202, 570, 512.635, 406, 0.714
17:45:22.266 -> 125064, 3, 40124, 292728, 571, 512.658, 436, 0.765
17:45:22.398 -> 125036, 4, 40250, 292728, 571, 512.658, 430, 0.754
17:45:22.531 -> 125024, 5, 40375, 292222, 570, 512.670, 440, 0.773
17:45:22.631 -> 125140, 6, 40500, 292713, 571, 512.632, 409, 0.718
17:45:22.763 -> 125008, 7, 40625, 291693, 569, 512.642, 415, 0.731
17:45:22.896 -> 125108, 0, 40750, 292203, 570, 512.637, 400, 0.703
17:45:23.029 -> 125008, 1, 40875, 292176, 570, 512.590, 374, 0.657
17:45:23.129 -> 125044, 2, 40999, 292211, 570, 512.651, 416, 0.731
17:45:23.261 -> 125124, 3, 41124, 292176, 570, 512.589, 374, 0.657
17:45:23.394 -> 125084, 4, 41250, 292224, 570, 512.674, 436, 0.766
17:45:23.526 -> 124996, 5, 41375, 292224, 570, 512.674, 434, 0.763
17:45:23.627 -> 125080, 6, 41500, 292703, 571, 512.615, 391, 0.686
17:45:23.759 -> 125084, 7, 41625, 292210, 570, 512.649, 415, 0.729
17:45:23.892 -> 125028, 0, 41750, 292226, 570, 512.677, 447, 0.786
17:45:24.025 -> 125068, 1, 41875, 291661, 569, 512.585, 380, 0.669
17:45:24.125 -> 125064, 2, 42000, 292234, 570, 512.691, 448, 0.787
17:45:24.258 -> 125108, 3, 42126, 292704, 571, 512.616, 402, 0.705
17:45:24.391 -> 125080, 4, 42251, 292732, 571, 512.666, 455, 0.798
17:45:24.523 -> 125016, 5, 42376, 292218, 570, 512.663, 426, 0.749
17:45:24.656 -> 125088, 6, 42501, 292178, 570, 512.593, 356, 0.626
17:45:24.756 -> 125000, 7, 42626, 292206, 570, 512.642, 423, 0.743
17:45:24.888 -> 125068, 0, 42750, 292727, 571, 512.657, 419, 0.735
17:45:25.022 -> 125136, 1, 42875, 292693, 571, 512.597, 405, 0.711
17:45:25.122 -> 125056, 2, 43000, 292732, 571, 512.666, 420, 0.737
17:45:25.254 -> 125012, 3, 43126, 291677, 569, 512.613, 386, 0.680
17:45:25.387 -> 125092, 4, 43251, 291713, 569, 512.676, 439, 0.773
17:45:25.519 -> 125048, 5, 43376, 292727, 571, 512.657, 415, 0.728
17:45:25.620 -> 125060, 6, 43501, 292217, 570, 512.661, 429, 0.754
17:45:25.755 -> 125084, 7, 43626, 292188, 570, 512.610, 388, 0.682
17:45:25.887 -> 125024, 0, 43751, 291699, 569, 512.652, 412, 0.725
17:45:26.119 -> 125072, 1, 43876, 292165, 570, 512.570, 364, 0.640
17:45:26.119 -> 125040, 2, 44001, 292215, 570, 512.658, 421, 0.740
17:45:26.256 -> 125096, 3, 44127, 292196, 570, 512.624, 401, 0.705
17:45:26.389 -> 125076, 4, 44252, 292762, 571, 512.718, 476, 0.835
17:45:26.522 -> 125068, 5, 44377, 292209, 570, 512.647, 419, 0.736
17:45:26.622 -> 125052, 6, 44502, 292215, 570, 512.658, 430, 0.756
17:45:26.755 -> 125092, 7, 44626, 292713, 571, 512.632, 370, 0.649
17:45:26.888 -> 124992, 0, 44751, 292219, 570, 512.665, 459, 0.807
17:45:27.021 -> 125064, 1, 44876, 292192, 570, 512.617, 380, 0.668
17:45:27.121 -> 125052, 2, 45001, 291690, 569, 512.636, 397, 0.699
17:45:27.253 -> 125136, 3, 45127, 292698, 571, 512.606, 400, 0.702
17:45:27.386 -> 125060, 4, 45252, 292741, 571, 512.681, 412, 0.723
17:45:27.519 -> 125052, 5, 45377, 292752, 571, 512.701, 498, 0.874
17:45:27.619 -> 125060, 6, 45502, 292179, 570, 512.595, 347, 0.610
17:45:27.751 -> 125048, 7, 45627, 292187, 570, 512.609, 403, 0.708
17:45:27.884 -> 125072, 0, 45752, 291688, 569, 512.633, 389, 0.685
17:45:28.017 -> 125092, 1, 45877, 292675, 571, 512.566, 355, 0.623
17:45:28.117 -> 125020, 2, 46003, 292225, 570, 512.675, 444, 0.780
17:45:28.250 -> 125012, 3, 46128, 291686, 569, 512.629, 399, 0.702
17:45:28.383 -> 125128, 4, 46253, 292220, 570, 512.667, 437, 0.768
17:45:28.515 -> 125044, 5, 46377, 292216, 570, 512.660, 414, 0.728
17:45:28.614 -> 125108, 6, 46502, 292695, 571, 512.601, 381, 0.668
17:45:28.747 -> 125048, 7, 46627, 292192, 570, 512.617, 399, 0.701
17:45:28.879 -> 125016, 0, 46752, 292198, 570, 512.628, 396, 0.696
17:45:29.012 -> 125052, 1, 46877, 291654, 569, 512.573, 379, 0.667
17:45:29.112 -> 125108, 2, 47003, 292216, 570, 512.659, 425, 0.747
17:45:29.244 -> 125020, 3, 47128, 292205, 570, 512.640, 417, 0.733
17:45:29.377 -> 125096, 4, 47253, 292221, 570, 512.669, 433, 0.761
17:45:29.510 -> 125060, 5, 47378, 292224, 570, 512.674, 437, 0.768
17:45:29.643 -> 125088, 6, 47503, 292190, 570, 512.614, 388, 0.682
17:45:29.743 -> 125028, 7, 47628, 292199, 570, 512.630, 385, 0.677
17:45:29.876 -> 125112, 0, 47753, 292726, 571, 512.655, 431, 0.756
17:45:30.008 -> 125008, 1, 47879, 292170, 570, 512.579, 376, 0.661
17:45:30.141 -> 125100, 2, 48004, 292737, 571, 512.674, 447, 0.784
17:45:30.240 -> 125044, 3, 48129, 292185, 570, 512.605, 374, 0.657
17:45:30.373 -> 125008, 4, 48253, 292230, 570, 512.685, 447, 0.786
17:45:30.506 -> 125144, 5, 48378, 292716, 571, 512.638, 404, 0.709
17:45:30.639 -> 125024, 6, 48503, 292186, 570, 512.607, 392, 0.689
17:45:30.738 -> 125056, 7, 48628, 292205, 570, 512.640, 433, 0.761
17:45:30.871 -> 125064, 0, 48753, 291716, 569, 512.682, 435, 0.766
17:45:31.004 -> 125104, 1, 48879, 292174, 570, 512.586, 372, 0.654
17:45:31.137 -> 125032, 2, 49004, 292233, 570, 512.689, 463, 0.814
17:45:31.237 -> 125052, 3, 49129, 292216, 570, 512.660, 429, 0.754
17:45:31.370 -> 125052, 4, 49254, 292223, 570, 512.672, 421, 0.740
17:45:31.503 -> 125076, 5, 49379, 292225, 570, 512.675, 449, 0.789
17:45:31.536 -> Stepper executed 21500 steps over 26889 ms (2/5 duty)
17:45:31.536 -> Transitioning to state DELAY [2000]
17:45:31.636 -> 125068, 6, 49504, 316286, 617, 512.619, 454, 0.737
17:45:31.736 -> 124992, 7, 49629, 316295, 617, 512.634, 429, 0.696
17:45:31.869 -> 125104, 0, 49755, 316285, 617, 512.617, 413, 0.670
17:45:32.002 -> 125088, 1, 49880, 316260, 617, 512.577, 391, 0.635
17:45:32.135 -> 125040, 2, 50004, 315805, 616, 512.671, 463, 0.753
17:45:32.235 -> 125112, 3, 50129, 316791, 618, 512.607, 411, 0.666
17:45:32.368 -> 124996, 4, 50254, 316296, 617, 512.635, 432, 0.701
17:45:32.501 -> 125056, 5, 50379, 316300, 617, 512.642, 434, 0.705
17:45:32.633 -> 125076, 6, 50504, 316270, 617, 512.593, 404, 0.656
17:45:32.733 -> 125032, 7, 50629, 316281, 617, 512.611, 423, 0.687
17:45:32.866 -> 125128, 0, 50755, 316291, 617, 512.627, 426, 0.692
17:45:32.999 -> 125048, 1, 50880, 316279, 617, 512.608, 390, 0.633
17:45:33.131 -> 125028, 2, 51005, 315800, 616, 512.662, 454, 0.738
17:45:33.265 -> 125052, 3, 51130, 316273, 617, 512.598, 401, 0.651
17:45:33.364 -> 125072, 4, 51255, 315788, 616, 512.643, 454, 0.738
17:45:33.497 -> 125068, 5, 51380, 316832, 618, 512.673, 468, 0.759
17:45:33.530 -> Transitioning to state STEPPER_RUN_CLOSED
17:45:33.530 -> Transitioning to state STEPPER_RUN
17:45:33.530 -> Running stepper in opened direction
17:45:33.630 -> 125104, 6, 51505, 292707, 571, 512.622, 406, 0.712
17:45:33.729 -> 125104, 7, 51631, 292208, 570, 512.646, 420, 0.738
17:45:33.862 -> 125044, 0, 51756, 292217, 570, 512.661, 422, 0.742
17:45:33.995 -> 125088, 1, 51880, 292178, 570, 512.593, 380, 0.668
17:45:34.127 -> 125028, 2, 52005, 292234, 570, 512.691, 474, 0.833
17:45:34.227 -> 125060, 3, 52130, 292709, 571, 512.625, 391, 0.686
17:45:34.360 -> 125064, 4, 52255, 292211, 570, 512.651, 423, 0.743
17:45:34.492 -> 125096, 5, 52380, 292721, 571, 512.646, 414, 0.726
17:45:34.625 -> 125020, 6, 52505, 292199, 570, 512.630, 396, 0.696
17:45:34.758 -> 125076, 7, 52631, 292199, 570, 512.630, 403, 0.708
17:45:34.857 -> 125072, 0, 52756, 292726, 571, 512.655, 410, 0.719
17:45:34.990 -> 125056, 1, 52881, 292168, 570, 512.576, 357, 0.627
17:45:35.123 -> 125060, 2, 53006, 292210, 570, 512.649, 408, 0.717
17:45:35.255 -> 125080, 3, 53131, 292200, 570, 512.631, 402, 0.707
17:45:35.355 -> 124984, 4, 53256, 292218, 570, 512.663, 424, 0.745
17:45:35.488 -> 125104, 5, 53381, 292731, 571, 512.664, 428, 0.751
17:45:35.620 -> 125072, 6, 53506, 292706, 571, 512.620, 398, 0.698
17:45:35.753 -> 125040, 7, 53632, 292202, 570, 512.635, 422, 0.742
17:45:35.853 -> 125108, 0, 53756, 291711, 569, 512.673, 404, 0.711
17:45:35.986 -> 124992, 1, 53881, 291664, 569, 512.591, 368, 0.648
17:45:36.119 -> 125064, 2, 54006, 292210, 570, 512.649, 418, 0.735
17:45:36.252 -> 125092, 3, 54131, 292188, 570, 512.610, 384, 0.675
17:45:36.351 -> 125108, 4, 54256, 292227, 570, 512.678, 456, 0.801
17:45:36.484 -> 125060, 5, 54381, 292231, 570, 512.686, 440, 0.773
17:45:36.617 -> 125008, 6, 54506, 291690, 569, 512.636, 408, 0.718
17:45:36.750 -> 125104, 7, 54632, 292714, 571, 512.634, 412, 0.723
17:45:36.850 -> 125092, 0, 54757, 292215, 570, 512.657, 415, 0.729
17:45:36.982 -> 124976, 1, 54882, 292175, 570, 512.588, 366, 0.643
17:45:37.115 -> 125088, 2, 55007, 291708, 569, 512.668, 438, 0.771
17:45:37.247 -> 125028, 3, 55132, 291708, 569, 512.668, 431, 0.759
17:45:37.380 -> 125068, 4, 55257, 292216, 570, 512.660, 422, 0.742
17:45:37.480 -> 125124, 5, 55382, 292725, 571, 512.653, 415, 0.728
17:45:37.613 -> 125076, 6, 55507, 292191, 570, 512.616, 396, 0.696
17:45:37.746 -> 125072, 7, 55632, 292200, 570, 512.632, 376, 0.661
17:45:37.878 -> 125012, 0, 55757, 291689, 569, 512.634, 392, 0.690
17:45:37.978 -> 125060, 1, 55882, 292682, 571, 512.578, 374, 0.656
17:45:38.111 -> 125024, 2, 56007, 292217, 570, 512.661, 431, 0.757
17:45:38.244 -> 125124, 3, 56132, 292703, 571, 512.615, 393, 0.689
17:45:38.376 -> 125008, 4, 56257, 291709, 569, 512.670, 436, 0.768
17:45:38.476 -> 125076, 5, 56382, 291209, 568, 512.692, 451, 0.795
17:45:38.608 -> 125072, 6, 56508, 292190, 570, 512.614, 372, 0.654
17:45:38.741 -> 125128, 7, 56633, 292704, 571, 512.616, 400, 0.702
17:45:38.874 -> 124980, 0, 56758, 292205, 570, 512.640, 415, 0.729
17:45:38.973 -> 125104, 1, 56883, 291648, 569, 512.562, 350, 0.616
17:45:39.106 -> 125008, 2, 57008, 292208, 570, 512.646, 410, 0.721
17:45:39.238 -> 125084, 3, 57133, 292192, 570, 512.617, 390, 0.685
17:45:39.371 -> 125132, 4, 57257, 292723, 571, 512.650, 419, 0.735
17:45:39.471 -> 125032, 5, 57383, 292219, 570, 512.665, 423, 0.743
17:45:39.604 -> 125076, 6, 57508, 292186, 570, 512.607, 401, 0.705
17:45:39.737 -> 124996, 7, 57633, 291692, 569, 512.640, 411, 0.724
17:45:39.870 -> 125132, 0, 57758, 292721, 571, 512.646, 409, 0.718
17:45:40.002 -> 125056, 1, 57883, 292174, 570, 512.586, 363, 0.638
17:45:40.102 -> 124996, 2, 58008, 292217, 570, 512.661, 441, 0.775
17:45:40.235 -> 125136, 3, 58133, 292192, 570, 512.617, 396, 0.696
17:45:40.367 -> 124996, 4, 58258, 292203, 570, 512.637, 405, 0.712
17:45:40.500 -> 125132, 5, 58384, 292743, 571, 512.685, 451, 0.791
17:45:40.599 -> 125064, 6, 58509, 292720, 571, 512.644, 386, 0.677
17:45:40.732 -> 125060, 7, 58634, 292193, 570, 512.619, 389, 0.684
17:45:40.865 -> 125060, 0, 58759, 292205, 570, 512.640, 400, 0.703
17:45:40.965 -> 125036, 1, 58884, 292182, 570, 512.600, 400, 0.703
17:45:41.097 -> 125024, 2, 59009, 292212, 570, 512.652, 415, 0.729
17:45:41.230 -> 125096, 3, 59133, 292185, 570, 512.605, 389, 0.684
17:45:41.362 -> 125028, 4, 59258, 292226, 570, 512.677, 434, 0.763
17:45:41.495 -> 125136, 5, 59384, 292222, 570, 512.670, 430, 0.756
17:45:41.595 -> 124984, 6, 59509, 292199, 570, 512.630, 449, 0.789
17:45:41.727 -> 125084, 7, 59634, 292711, 571, 512.629, 421, 0.739
17:45:41.860 -> 125116, 0, 59759, 292219, 570, 512.665, 441, 0.775
17:45:41.993 -> 124984, 1, 59884, 292146, 570, 512.537, 352, 0.619
17:45:42.093 -> 125080, 2, 60009, 292209, 570, 512.647, 420, 0.738
17:45:42.225 -> 125092, 3, 60134, 292188, 570, 512.610, 386, 0.678
17:45:42.358 -> 125028, 4, 60260, 292208, 570, 512.645, 404, 0.710
17:45:42.491 -> 125084, 5, 60385, 292218, 570, 512.663, 421, 0.740
17:45:42.590 -> 125108, 6, 60510, 292199, 570, 512.630, 416, 0.731
17:45:42.723 -> 125028, 7, 60635, 292207, 570, 512.644, 403, 0.708
17:45:42.856 -> 125088, 0, 60760, 292214, 570, 512.656, 423, 0.743
17:45:42.988 -> 125036, 1, 60884, 292688, 571, 512.588, 382, 0.670
17:45:43.088 -> 125092, 2, 61009, 292217, 570, 512.661, 406, 0.714
17:45:43.221 -> 125016, 3, 61134, 292201, 570, 512.633, 402, 0.707
17:45:43.353 -> 125076, 4, 61260, 292220, 570, 512.667, 428, 0.752
17:45:43.486 -> 125116, 5, 61385, 292215, 570, 512.658, 446, 0.784
17:45:43.619 -> 124968, 6, 61510, 292178, 570, 512.593, 373, 0.656
17:45:43.719 -> 125120, 7, 61635, 292196, 570, 512.624, 408, 0.717
17:45:43.851 -> 125008, 0, 61760, 291685, 569, 512.628, 388, 0.683
17:45:43.984 -> 125072, 1, 61885, 291672, 569, 512.605, 410, 0.722
17:45:44.117 -> 125104, 2, 62010, 292226, 570, 512.677, 450, 0.791
17:45:44.217 -> 125020, 3, 62135, 292186, 570, 512.607, 392, 0.689
17:45:44.349 -> 125060, 4, 62261, 292230, 570, 512.684, 439, 0.772
17:45:44.482 -> 125128, 5, 62386, 292220, 570, 512.667, 434, 0.763
17:45:44.614 -> 124984, 6, 62511, 291674, 569, 512.608, 378, 0.665
17:45:44.714 -> 125152, 7, 62636, 292194, 570, 512.621, 385, 0.677
17:45:44.847 -> 125052, 0, 62760, 292730, 571, 512.662, 431, 0.756
17:45:44.980 -> 125052, 1, 62885, 292177, 570, 512.591, 371, 0.652
17:45:45.112 -> 125052, 2, 63010, 292220, 570, 512.667, 442, 0.777
17:45:45.212 -> 125068, 3, 63136, 292189, 570, 512.612, 411, 0.722
17:45:45.345 -> 125044, 4, 63261, 292227, 570, 512.679, 440, 0.773
17:45:45.477 -> 125084, 5, 63386, 292747, 571, 512.692, 448, 0.786
17:45:45.610 -> 125084, 6, 63511, 292699, 571, 512.608, 371, 0.651
17:45:45.709 -> 124984, 7, 63636, 291664, 569, 512.591, 353, 0.621
17:45:45.842 -> 125092, 0, 63761, 292213, 570, 512.654, 434, 0.763
17:45:45.976 -> 125072, 1, 63886, 292186, 570, 512.607, 389, 0.684
17:45:46.109 -> 125100, 2, 64012, 292222, 570, 512.670, 422, 0.742
17:45:46.208 -> 125012, 3, 64137, 292217, 570, 512.661, 428, 0.752
17:45:46.341 -> 125108, 4, 64262, 292213, 570, 512.654, 421, 0.740
17:45:46.474 -> 125072, 5, 64387, 292215, 570, 512.658, 419, 0.736
17:45:46.607 -> 125064, 6, 64512, 292183, 570, 512.602, 381, 0.670
17:45:46.739 -> 125040, 7, 64636, 292698, 571, 512.606, 379, 0.665
17:45:46.839 -> 124992, 0, 64761, 292216, 570, 512.660, 429, 0.754
17:45:46.971 -> 125120, 1, 64886, 292163, 570, 512.567, 351, 0.617
17:45:47.104 -> 125080, 2, 65012, 292218, 570, 512.663, 430, 0.756
17:45:47.237 -> 125040, 3, 65137, 292204, 570, 512.639, 409, 0.719
17:45:47.337 -> 125096, 4, 65262, 292738, 571, 512.676, 436, 0.765
17:45:47.469 -> 125076, 5, 65387, 292719, 571, 512.643, 412, 0.723
17:45:47.602 -> 125020, 6, 65512, 292185, 570, 512.605, 382, 0.671
17:45:47.735 -> 125088, 7, 65637, 292225, 570, 512.675, 437, 0.768
17:45:47.834 -> 125060, 0, 65762, 292208, 570, 512.646, 410, 0.721
17:45:47.967 -> 125048, 1, 65887, 292692, 571, 512.595, 364, 0.639
17:45:48.100 -> 125028, 2, 66013, 292210, 570, 512.649, 405, 0.712
17:45:48.233 -> 125116, 3, 66138, 292717, 571, 512.639, 429, 0.753
17:45:48.332 -> 125024, 4, 66263, 291686, 569, 512.630, 392, 0.690
17:45:48.465 -> 125112, 5, 66387, 292738, 571, 512.676, 444, 0.779
17:45:48.598 -> 125044, 6, 66512, 292705, 571, 512.618, 397, 0.696
17:45:48.731 -> 125008, 7, 66637, 291697, 569, 512.648, 383, 0.674
17:45:48.830 -> 125124, 0, 66762, 292205, 570, 512.640, 421, 0.740
17:45:48.963 -> 125040, 1, 66888, 291671, 569, 512.603, 397, 0.699
17:45:49.096 -> 125092, 2, 67013, 292220, 570, 512.667, 419, 0.736
17:45:49.229 -> 124996, 3, 67138, 292199, 570, 512.630, 396, 0.696
17:45:49.329 -> 125040, 4, 67263, 292209, 570, 512.647, 427, 0.750
17:45:49.461 -> 125088, 5, 67388, 292199, 570, 512.630, 433, 0.761
17:45:49.595 -> 125064, 6, 67513, 292187, 570, 512.609, 390, 0.685
17:45:49.728 -> 125088, 7, 67638, 292207, 570, 512.644, 440, 0.773
17:45:49.828 -> 125036, 0, 67763, 292734, 571, 512.669, 430, 0.754
17:45:49.960 -> 125080, 1, 67889, 292169, 570, 512.577, 375, 0.659
17:45:50.093 -> 125080, 2, 68014, 292218, 570, 512.663, 426, 0.749
17:45:50.226 -> 125048, 3, 68139, 291670, 569, 512.601, 368, 0.648
17:45:50.325 -> 125048, 4, 68263, 292209, 570, 512.647, 405, 0.712
17:45:50.458 -> 125068, 5, 68388, 292196, 570, 512.624, 399, 0.701
17:45:50.590 -> 125068, 6, 68513, 292710, 571, 512.627, 411, 0.721
17:45:50.723 -> 125020, 7, 68638, 292185, 570, 512.605, 396, 0.696
17:45:50.856 -> 125156, 0, 68764, 292224, 570, 512.674, 428, 0.752
17:45:50.956 -> 124992, 1, 68889, 291672, 569, 512.605, 382, 0.673
17:45:51.088 -> 125120, 2, 69014, 293224, 572, 512.629, 430, 0.753
17:45:51.221 -> 124984, 3, 69139, 292181, 570, 512.598, 363, 0.638
17:45:51.354 -> 125096, 4, 69264, 292256, 570, 512.730, 502, 0.882
17:45:51.453 -> 125108, 5, 69389, 292223, 570, 512.672, 406, 0.714
17:45:51.586 -> 125036, 6, 69514, 291686, 569, 512.629, 390, 0.687
17:45:51.719 -> 125096, 7, 69639, 292723, 571, 512.649, 422, 0.740
17:45:51.851 -> 125000, 0, 69765, 292192, 570, 512.617, 408, 0.717
17:45:51.951 -> 125084, 1, 69890, 292182, 570, 512.600, 364, 0.640
17:45:52.084 -> 125060, 2, 70014, 291703, 569, 512.659, 436, 0.768
17:45:52.216 -> 125072, 3, 70139, 292179, 570, 512.595, 347, 0.610
17:45:52.349 -> 125088, 4, 70264, 292740, 571, 512.679, 426, 0.747
17:45:52.449 -> 125068, 5, 70389, 292710, 571, 512.627, 411, 0.721
17:45:52.581 -> 125052, 6, 70514, 292699, 571, 512.607, 418, 0.733
17:45:52.714 -> 125056, 7, 70639, 292206, 570, 512.642, 370, 0.650
17:45:52.846 -> 125056, 0, 70765, 292209, 570, 512.647, 408, 0.717
17:45:52.946 -> 125048, 1, 70890, 292680, 571, 512.574, 366, 0.642
17:45:53.079 -> 125100, 2, 71015, 292215, 570, 512.658, 421, 0.740
17:45:53.211 -> 125028, 3, 71140, 292180, 570, 512.596, 374, 0.657
17:45:53.344 -> 125060, 4, 71265, 292206, 570, 512.642, 398, 0.699
17:45:53.477 -> 125012, 5, 71390, 292220, 570, 512.667, 418, 0.735
17:45:53.576 -> 125068, 6, 71515, 292686, 571, 512.585, 355, 0.623
17:45:53.709 -> 125136, 7, 71641, 292733, 571, 512.667, 437, 0.767
17:45:53.842 -> 125020, 0, 71766, 292181, 570, 512.599, 378, 0.664
17:45:53.975 -> 125112, 1, 71890, 292159, 570, 512.560, 393, 0.691
17:45:54.074 -> 125004, 2, 72015, 291736, 569, 512.717, 478, 0.842
17:45:54.207 -> 125052, 3, 72140, 292213, 570, 512.654, 426, 0.749
17:45:54.339 -> 125120, 4, 72265, 292206, 570, 512.642, 391, 0.687
17:45:54.472 -> 125068, 5, 72390, 292210, 570, 512.649, 438, 0.770
17:45:54.572 -> 125020, 6, 72515, 292191, 570, 512.616, 405, 0.712
17:45:54.705 -> 125124, 7, 72641, 292220, 570, 512.667, 448, 0.787
17:45:54.838 -> 125048, 0, 72766, 293249, 572, 512.673, 463, 0.811
17:45:54.972 -> 125036, 1, 72891, 292164, 570, 512.568, 358, 0.629
17:45:55.070 -> 125072, 2, 73016, 292729, 571, 512.661, 439, 0.770
17:45:55.202 -> 125040, 3, 73141, 291694, 569, 512.643, 416, 0.732
17:45:55.335 -> 125024, 4, 73266, 292211, 570, 512.651, 431, 0.757
17:45:55.468 -> 125084, 5, 73391, 292191, 570, 512.616, 365, 0.641
17:45:55.567 -> 125048, 6, 73516, 292721, 571, 512.646, 464, 0.814
17:45:55.700 -> 125092, 7, 73641, 292208, 570, 512.645, 439, 0.772
17:45:55.833 -> 125036, 0, 73766, 292233, 570, 512.690, 483, 0.849
17:45:55.965 -> 125128, 1, 73891, 292164, 570, 512.568, 346, 0.608
17:45:56.098 -> 125000, 2, 74016, 292708, 571, 512.624, 418, 0.733
17:45:56.198 -> 125096, 3, 74141, 292209, 570, 512.647, 399, 0.701
17:45:56.331 -> 125036, 4, 74266, 292244, 570, 512.709, 466, 0.819
17:45:56.463 -> 125112, 5, 74391, 292733, 571, 512.668, 473, 0.830
17:45:56.596 -> 125056, 6, 74517, 292193, 570, 512.619, 424, 0.745
17:45:56.696 -> 125024, 7, 74642, 292739, 571, 512.677, 421, 0.739
17:45:56.828 -> 125092, 0, 74767, 292215, 570, 512.658, 456, 0.801
17:45:56.961 -> 125048, 1, 74892, 292189, 570, 512.612, 393, 0.691
17:45:57.061 -> 125104, 2, 75017, 292209, 570, 512.647, 377, 0.663
17:45:57.194 -> 124988, 3, 75142, 291684, 569, 512.626, 384, 0.676
17:45:57.326 -> 125088, 4, 75267, 292214, 570, 512.656, 404, 0.710
17:45:57.459 -> 125096, 5, 75392, 292715, 571, 512.636, 447, 0.784
17:45:57.592 -> 125028, 6, 75517, 292153, 570, 512.549, 351, 0.617
17:45:57.691 -> 125056, 7, 75642, 292187, 570, 512.609, 410, 0.721
17:45:57.824 -> 125032, 0, 75767, 291689, 569, 512.634, 368, 0.648
17:45:57.957 -> 125068, 1, 75892, 292176, 570, 512.590, 357, 0.627
17:45:58.090 -> 125128, 2, 76017, 292207, 570, 512.644, 375, 0.659
17:45:58.189 -> 125044, 3, 76142, 292688, 571, 512.588, 384, 0.674
17:45:58.322 -> 125060, 4, 76267, 292215, 570, 512.658, 457, 0.803
17:45:58.454 -> 125028, 5, 76392, 292229, 570, 512.683, 471, 0.828
17:45:58.587 -> 125072, 6, 76518, 292172, 570, 512.582, 365, 0.641
17:45:58.687 -> 125056, 7, 76643, 292231, 570, 512.686, 433, 0.761
17:45:58.819 -> 125096, 0, 76768, 292219, 570, 512.665, 407, 0.715
17:45:58.951 -> 125104, 1, 76893, 292645, 571, 512.513, 318, 0.558
17:45:59.084 -> 125040, 2, 77018, 292242, 570, 512.705, 476, 0.837
17:45:59.184 -> 125016, 3, 77143, 292177, 570, 512.591, 363, 0.638
17:45:59.317 -> 125080, 4, 77267, 292193, 570, 512.619, 391, 0.687
17:45:59.449 -> 125116, 5, 77393, 292189, 570, 512.612, 374, 0.657
17:45:59.581 -> 125024, 6, 77518, 292189, 570, 512.612, 402, 0.707
17:45:59.714 -> 125012, 7, 77643, 291696, 569, 512.646, 374, 0.658
17:45:59.814 -> 125128, 0, 77768, 292727, 571, 512.657, 424, 0.744
17:45:59.946 -> 125080, 1, 77893, 292199, 570, 512.630, 373, 0.656
17:46:00.079 -> 125068, 2, 78018, 292733, 571, 512.667, 433, 0.760
17:46:00.212 -> 124972, 3, 78143, 291696, 569, 512.646, 384, 0.676
17:46:00.312 -> 125076, 4, 78268, 292224, 570, 512.674, 423, 0.743
17:46:00.378 -> Stepper executed 21500 steps over 26888 ms (2/5 duty)
17:46:00.378 -> Transitioning to state DELAY [2000]
17:46:00.444 -> 125120, 5, 78394, 316813, 618, 512.643, 473, 0.767
17:46:00.577 -> 125024, 6, 78519, 316266, 617, 512.587, 380, 0.617
17:46:00.710 -> 125048, 7, 78644, 316307, 617, 512.653, 441, 0.716
17:46:00.809 -> 125100, 0, 78769, 316328, 617, 512.687, 468, 0.760
17:46:00.942 -> 125060, 1, 78894, 316248, 617, 512.558, 382, 0.620
17:46:01.075 -> 125028, 2, 79019, 316819, 618, 512.652, 453, 0.734
17:46:01.208 -> 125092, 3, 79143, 316291, 617, 512.627, 439, 0.713
17:46:01.308 -> 125088, 4, 79269, 316824, 618, 512.660, 468, 0.759
17:46:01.441 -> 125044, 5, 79394, 316316, 617, 512.668, 460, 0.747
17:46:01.574 -> 125024, 6, 79519, 316280, 617, 512.609, 416, 0.675
17:46:01.707 -> 125044, 7, 79644, 316293, 617, 512.630, 428, 0.695
17:46:01.806 -> 125124, 0, 79769, 316824, 618, 512.660, 460, 0.746
17:46:01.939 -> 125064, 1, 79894, 316284, 617, 512.616, 392, 0.636
17:46:02.072 -> 125036, 2, 80019, 316302, 617, 512.645, 406, 0.659
17:46:02.204 -> 125080, 3, 80144, 316303, 617, 512.647, 435, 0.706
17:46:02.304 -> 125076, 4, 80270, 316832, 618, 512.673, 485, 0.786
17:46:02.370 -> Transitioning to state ELECTROMETER_DISABLE
17:46:02.370 -> Transitioning to state DELAY [500]
17:46:02.437 -> 125036, 5, 80395, 316289, 617, 512.624, 409, 0.664
17:46:02.868 -> Transitioning to state 12V_REG_DISABLE
17:46:02.868 -> Transitioning to state DELAY [10000]
17:46:12.855 -> Transitioning to state 12V_REG_ENABLE
17:46:12.855 -> Transitioning to state DELAY [500]
17:46:13.353 -> Transitioning to state ELECTROMETER_ENABLE
17:46:13.353 -> Transitioning to state DELAY [5000]
17:46:13.552 -> 0, 0, 91525, 316285, 617, 512.617, 418, 0.679
17:46:13.685 -> 125096, 1, 91651, 316233, 617, 512.534, 355, 0.576
17:46:13.784 -> 125068, 2, 91776, 316345, 617, 512.715, 517, 0.839
17:46:13.917 -> 125028, 3, 91900, 316251, 617, 512.562, 353, 0.573
17:46:14.050 -> 125108, 4, 92025, 316311, 617, 512.659, 432, 0.701
17:46:14.183 -> 125000, 5, 92150, 316298, 617, 512.639, 426, 0.692
17:46:14.282 -> 125076, 6, 92275, 316255, 617, 512.569, 382, 0.620
17:46:14.415 -> 125064, 7, 92400, 316298, 617, 512.639, 464, 0.753
17:46:14.548 -> 125096, 0, 92525, 316302, 617, 512.645, 485, 0.787
17:46:14.680 -> 125072, 1, 92651, 316727, 618, 512.503, 343, 0.556
17:46:14.780 -> 125048, 2, 92776, 316812, 618, 512.641, 468, 0.759
17:46:14.913 -> 125060, 3, 92901, 316808, 618, 512.634, 462, 0.749
17:46:15.045 -> 125044, 4, 93026, 316287, 617, 512.620, 414, 0.672
17:46:15.178 -> 125048, 5, 93151, 316322, 617, 512.678, 451, 0.732
17:46:15.310 -> 125092, 6, 93276, 316244, 617, 512.551, 375, 0.609
17:46:15.410 -> 125008, 7, 93401, 316812, 618, 512.641, 467, 0.757
17:46:15.542 -> 125100, 0, 93527, 316284, 617, 512.616, 408, 0.662
17:46:15.675 -> 125016, 1, 93651, 315733, 616, 512.554, 361, 0.587
17:46:15.808 -> 125080, 2, 93776, 315794, 616, 512.653, 418, 0.680
17:46:15.907 -> 125124, 3, 93901, 316252, 617, 512.564, 356, 0.578
17:46:16.040 -> 125056, 4, 94026, 316833, 618, 512.675, 451, 0.731
17:46:16.172 -> 125052, 5, 94151, 316306, 617, 512.651, 427, 0.693
17:46:16.305 -> 125036, 6, 94276, 316302, 617, 512.645, 449, 0.729
17:46:16.405 -> 125116, 7, 94401, 316264, 617, 512.583, 375, 0.609
17:46:16.537 -> 124976, 0, 94527, 316310, 617, 512.658, 444, 0.721
17:46:16.670 -> 125068, 1, 94652, 316223, 617, 512.517, 351, 0.570
17:46:16.803 -> 125064, 2, 94777, 316305, 617, 512.650, 427, 0.693
17:46:16.902 -> 125072, 3, 94902, 316250, 617, 512.561, 364, 0.591
17:46:17.035 -> 125064, 4, 95027, 316324, 617, 512.681, 466, 0.756
17:46:17.168 -> 125132, 5, 95152, 316361, 617, 512.741, 551, 0.894
17:46:17.301 -> 125004, 6, 95277, 316308, 617, 512.655, 444, 0.721
17:46:17.434 -> 125024, 7, 95403, 316268, 617, 512.590, 421, 0.683
17:46:17.533 -> 125104, 0, 95527, 316310, 617, 512.658, 424, 0.688
17:46:17.666 -> 125096, 1, 95652, 316211, 617, 512.498, 329, 0.534
17:46:17.799 -> 125064, 2, 95777, 316851, 618, 512.704, 528, 0.856
17:46:17.932 -> 125032, 3, 95902, 316291, 617, 512.627, 443, 0.719
17:46:18.031 -> 125092, 4, 96027, 316823, 618, 512.659, 487, 0.789
17:46:18.164 -> 125004, 5, 96152, 315854, 616, 512.750, 542, 0.881
17:46:18.297 -> 125060, 6, 96277, 315755, 616, 512.589, 397, 0.646
17:46:18.330 -> Transitioning to state STEPPER_RUN_OPENED
17:46:18.330 -> Transitioning to state STEPPER_RUN
17:46:18.330 -> Running stepper in opened direction
17:46:18.429 -> 125136, 7, 96403, 292196, 570, 512.624, 412, 0.724
17:46:18.529 -> 125060, 0, 96528, 292210, 570, 512.649, 385, 0.677
17:46:18.662 -> 125016, 1, 96653, 292155, 570, 512.553, 379, 0.666
17:46:18.794 -> 125056, 2, 96778, 292231, 570, 512.686, 481, 0.845
17:46:18.927 -> 125116, 3, 96903, 292172, 570, 512.582, 375, 0.659
17:46:19.026 -> 125036, 4, 97028, 291684, 569, 512.626, 379, 0.667
17:46:19.159 -> 125096, 5, 97153, 292740, 571, 512.679, 420, 0.737
17:46:19.291 -> 125044, 6, 97277, 292184, 570, 512.604, 361, 0.634
17:46:19.424 -> 125064, 7, 97403, 292222, 570, 512.670, 416, 0.731
17:46:19.523 -> 125028, 0, 97528, 291698, 569, 512.650, 384, 0.676
17:46:19.656 -> 125132, 1, 97653, 292642, 571, 512.508, 320, 0.561
17:46:19.788 -> 124980, 2, 97778, 293240, 572, 512.657, 454, 0.795
17:46:19.921 -> 125068, 3, 97903, 291683, 569, 512.624, 372, 0.655
17:46:20.054 -> 125056, 4, 98028, 292235, 570, 512.693, 483, 0.849
17:46:20.153 -> 125076, 5, 98153, 291707, 569, 512.666, 411, 0.724
17:46:20.286 -> 125040, 6, 98278, 291678, 569, 512.615, 376, 0.662
17:46:20.419 -> 125136, 7, 98404, 292739, 571, 512.678, 433, 0.760
17:46:20.551 -> 125052, 0, 98529, 292226, 570, 512.677, 435, 0.764
17:46:20.651 -> 125004, 1, 98654, 291662, 569, 512.587, 382, 0.673
17:46:20.784 -> 125128, 2, 98779, 292191, 570, 512.615, 392, 0.689
17:46:20.916 -> 124996, 3, 98904, 291683, 569, 512.624, 417, 0.734
17:46:21.049 -> 125108, 4, 99028, 292708, 571, 512.623, 396, 0.695
17:46:21.148 -> 125060, 5, 99153, 292246, 570, 512.712, 504, 0.886
17:46:21.281 -> 125020, 6, 99278, 292204, 570, 512.639, 394, 0.692
17:46:21.414 -> 125092, 7, 99404, 292213, 570, 512.654, 445, 0.782
17:46:21.547 -> 125048, 0, 99529, 292711, 571, 512.629, 361, 0.633
17:46:21.647 -> 125140, 1, 99654, 292662, 571, 512.543, 351, 0.616
17:46:21.780 -> 125040, 2, 99779, 292743, 571, 512.685, 435, 0.763
17:46:21.912 -> 125024, 3, 99904, 292204, 570, 512.639, 428, 0.752
17:46:22.045 -> 125032, 4, 100029, 292232, 570, 512.688, 458, 0.805
17:46:22.144 -> 125136, 5, 100154, 292255, 570, 512.728, 502, 0.882
17:46:22.277 -> 125076, 6, 100280, 292707, 571, 512.622, 383, 0.672
17:46:22.409 -> 125064, 7, 100405, 292209, 570, 512.647, 380, 0.668
17:46:22.542 -> 124984, 0, 100530, 292219, 570, 512.665, 398, 0.699
17:46:22.674 -> 125132, 1, 100655, 292180, 570, 512.596, 386, 0.678
17:46:22.774 -> 124984, 2, 100780, 291706, 569, 512.664, 441, 0.776
17:46:22.906 -> 125064, 3, 100904, 292178, 570, 512.593, 382, 0.671
17:46:23.039 -> 125088, 4, 101029, 292220, 570, 512.667, 458, 0.805
17:46:23.172 -> 125040, 5, 101154, 292253, 570, 512.724, 486, 0.854
17:46:23.271 -> 125132, 6, 101280, 292190, 570, 512.614, 426, 0.749
17:46:23.404 -> 125036, 7, 101405, 292187, 570, 512.609, 353, 0.620
17:46:23.536 -> 125012, 0, 101530, 292725, 571, 512.653, 451, 0.791
17:46:23.669 -> 125124, 1, 101655, 292160, 570, 512.562, 336, 0.591
17:46:23.769 -> 125020, 2, 101780, 292224, 570, 512.674, 476, 0.837
17:46:23.901 -> 125124, 3, 101905, 292185, 570, 512.605, 359, 0.631
17:46:24.034 -> 125068, 4, 102030, 292201, 570, 512.633, 395, 0.694
17:46:24.167 -> 125000, 5, 102156, 292739, 571, 512.678, 412, 0.723
17:46:24.266 -> 125112, 6, 102281, 292191, 570, 512.616, 391, 0.687
17:46:24.399 -> 124984, 7, 102406, 292210, 570, 512.649, 440, 0.773
17:46:24.532 -> 125140, 0, 102531, 292235, 570, 512.693, 464, 0.815
17:46:24.665 -> 125032, 1, 102656, 292183, 570, 512.602, 406, 0.714
17:46:24.797 -> 125044, 2, 102780, 292194, 570, 512.621, 390, 0.685
17:46:24.897 -> 125036, 3, 102905, 292205, 570, 512.640, 388, 0.682
17:46:25.030 -> 125140, 4, 103031, 292220, 570, 512.667, 421, 0.740
17:46:25.162 -> 125004, 5, 103156, 291720, 569, 512.689, 442, 0.778
17:46:25.262 -> 125132, 6, 103281, 292206, 570, 512.642, 374, 0.657
17:46:25.394 -> 124972, 7, 103406, 292206, 570, 512.642, 428, 0.752
17:46:25.527 -> 125084, 0, 103531, 292222, 570, 512.670, 429, 0.754
17:46:25.660 -> 125108, 1, 103656, 292185, 570, 512.605, 397, 0.698
17:46:25.792 -> 125044, 2, 103781, 292244, 570, 512.709, 461, 0.810
17:46:25.892 -> 125084, 3, 103906, 292175, 570, 512.587, 381, 0.670
17:46:26.025 -> 125000, 4, 104031, 292214, 570, 512.656, 393, 0.691
17:46:26.157 -> 125056, 5, 104157, 291730, 569, 512.706, 449, 0.790
17:46:26.290 -> 125096, 6, 104282, 292185, 570, 512.605, 364, 0.640
17:46:26.389 -> 125076, 7, 104407, 291698, 569, 512.650, 422, 0.743
17:46:26.522 -> 125048, 0, 104531, 292218, 570, 512.663, 423, 0.743
17:46:26.654 -> 125064, 1, 104656, 292680, 571, 512.574, 364, 0.639
17:46:26.787 -> 125112, 2, 104781, 292732, 571, 512.666, 434, 0.761
17:46:26.886 -> 125032, 3, 104906, 292188, 570, 512.610, 392, 0.689
17:46:27.019 -> 125056, 4, 105032, 292211, 570, 512.651, 418, 0.735
17:46:27.152 -> 125096, 5, 105157, 292234, 570, 512.691, 456, 0.801
17:46:27.284 -> 124992, 6, 105282, 292702, 571, 512.613, 397, 0.696
17:46:27.384 -> 125112, 7, 105407, 292210, 570, 512.649, 410, 0.721
17:46:27.516 -> 125024, 0, 105532, 292205, 570, 512.640, 407, 0.715
17:46:27.649 -> 125112, 1, 105657, 292162, 570, 512.565, 353, 0.620
17:46:27.782 -> 125088, 2, 105782, 292212, 570, 512.652, 410, 0.721
17:46:27.914 -> 125008, 3, 105907, 292717, 571, 512.639, 407, 0.714
17:46:28.014 -> 125076, 4, 106033, 292218, 570, 512.663, 429, 0.754
17:46:28.146 -> 125040, 5, 106158, 292231, 570, 512.686, 453, 0.796
17:46:28.279 -> 125060, 6, 106283, 291674, 569, 512.608, 387, 0.681
17:46:28.412 -> 125132, 7, 106407, 292731, 571, 512.664, 439, 0.770
17:46:28.511 -> 125016, 0, 106532, 292209, 570, 512.647, 405, 0.712
17:46:28.644 -> 125080, 1, 106657, 292673, 571, 512.562, 359, 0.630
17:46:28.777 -> 125004, 2, 106782, 291711, 569, 512.673, 430, 0.757
17:46:28.910 -> 125112, 3, 106908, 292190, 570, 512.614, 390, 0.685
17:46:29.009 -> 125068, 4, 107033, 292209, 570, 512.647, 402, 0.707
17:46:29.142 -> 125048, 5, 107158, 292735, 571, 512.671, 431, 0.756
17:46:29.274 -> 125032, 6, 107283, 292167, 570, 512.574, 369, 0.649
17:46:29.407 -> 125080, 7, 107408, 292206, 570, 512.642, 394, 0.692
17:46:29.507 -> 125052, 0, 107533, 291694, 569, 512.643, 367, 0.646
17:46:29.639 -> 125080, 1, 107658, 292146, 570, 512.537, 339, 0.596
17:46:29.772 -> 125052, 2, 107783, 292214, 570, 512.656, 411, 0.722
17:46:29.904 -> 125068, 3, 107909, 292186, 570, 512.607, 374, 0.657
17:46:30.004 -> 125108, 4, 108034, 292251, 570, 512.721, 494, 0.868
17:46:30.137 -> 125072, 5, 108158, 293288, 572, 512.741, 515, 0.902
17:46:30.269 -> 124996, 6, 108283, 292213, 570, 512.654, 448, 0.787
17:46:30.402 -> 125096, 7, 108408, 292732, 571, 512.666, 454, 0.796
17:46:30.534 -> 125092, 0, 108533, 292746, 571, 512.690, 482, 0.846
17:46:30.634 -> 125044, 1, 108658, 292159, 570, 512.560, 359, 0.631
17:46:30.766 -> 125040, 2, 108784, 292188, 570, 512.610, 375, 0.659
17:46:30.899 -> 125104, 3, 108909, 292711, 571, 512.629, 437, 0.767
17:46:31.032 -> 124988, 4, 109034, 292726, 571, 512.655, 429, 0.753
17:46:31.131 -> 125104, 5, 109159, 292211, 570, 512.651, 415, 0.729
17:46:31.264 -> 125048, 6, 109284, 292219, 570, 512.665, 404, 0.710
17:46:31.397 -> 125108, 7, 109409, 291708, 569, 512.668, 404, 0.711
17:46:31.529 -> 125008, 0, 109534, 292220, 570, 512.667, 410, 0.721
17:46:31.629 -> 125024, 1, 109659, 292198, 570, 512.628, 408, 0.717
17:46:31.761 -> 125080, 2, 109785, 292239, 570, 512.700, 488, 0.858
17:46:31.894 -> 125060, 3, 109910, 291673, 569, 512.606, 367, 0.646
17:46:32.027 -> 125060, 4, 110034, 292254, 570, 512.726, 501, 0.880
17:46:32.127 -> 125092, 5, 110159, 292226, 570, 512.677, 470, 0.826
17:46:32.259 -> 125104, 6, 110284, 292726, 571, 512.655, 394, 0.691
17:46:32.393 -> 124984, 7, 110409, 292199, 570, 512.630, 431, 0.757
17:46:32.526 -> 125076, 0, 110534, 292197, 570, 512.626, 375, 0.659
17:46:32.625 -> 125060, 1, 110659, 291676, 569, 512.611, 363, 0.639
17:46:32.758 -> 125116, 2, 110785, 292192, 570, 512.617, 387, 0.680
17:46:32.890 -> 125084, 3, 110910, 292729, 571, 512.660, 435, 0.763
17:46:33.023 -> 124996, 4, 111035, 291712, 569, 512.675, 411, 0.724
17:46:33.156 -> 125056, 5, 111160, 292227, 570, 512.679, 443, 0.779
17:46:33.255 -> 125144, 6, 111285, 292195, 570, 512.623, 423, 0.743
17:46:33.388 -> 125048, 7, 111410, 292199, 570, 512.630, 398, 0.699
17:46:33.521 -> 124996, 0, 111535, 292225, 570, 512.675, 470, 0.826
17:46:33.620 -> 125080, 1, 111661, 292155, 570, 512.553, 341, 0.599
17:46:33.753 -> 125036, 2, 111785, 291707, 569, 512.666, 423, 0.745
17:46:33.885 -> 125144, 3, 111910, 292202, 570, 512.635, 429, 0.754
17:46:34.018 -> 124992, 4, 112035, 291721, 569, 512.691, 450, 0.792
17:46:34.150 -> 125052, 5, 112160, 292218, 570, 512.663, 417, 0.733
17:46:34.250 -> 125108, 6, 112285, 292185, 570, 512.605, 383, 0.673
17:46:34.382 -> 125016, 7, 112410, 292212, 570, 512.652, 419, 0.736
17:46:34.515 -> 125080, 0, 112535, 291710, 569, 512.672, 414, 0.729
17:46:34.648 -> 125088, 1, 112661, 292684, 571, 512.581, 406, 0.712
17:46:34.747 -> 125060, 2, 112786, 292200, 570, 512.632, 381, 0.670
17:46:34.880 -> 125100, 3, 112911, 292221, 570, 512.669, 436, 0.766
17:46:35.013 -> 125036, 4, 113036, 292211, 570, 512.651, 403, 0.708
17:46:35.145 -> 125052, 5, 113161, 292197, 570, 512.626, 382, 0.671
17:46:35.278 -> 125052, 6, 113286, 292229, 570, 512.682, 451, 0.793
17:46:35.378 -> 125056, 7, 113411, 292198, 570, 512.628, 396, 0.696
17:46:35.510 -> 125088, 0, 113537, 292225, 570, 512.675, 433, 0.761
17:46:35.643 -> 125096, 1, 113661, 292196, 570, 512.625, 387, 0.680
17:46:35.743 -> 124980, 2, 113786, 291728, 569, 512.703, 478, 0.842
17:46:35.876 -> 125132, 3, 113911, 292714, 571, 512.634, 433, 0.760
17:46:36.009 -> 125032, 4, 114036, 292713, 571, 512.632, 419, 0.735
17:46:36.142 -> 125076, 5, 114161, 292197, 570, 512.626, 422, 0.742
17:46:36.274 -> 125028, 6, 114286, 292162, 570, 512.565, 368, 0.647
17:46:36.374 -> 125064, 7, 114411, 291676, 569, 512.612, 358, 0.630
17:46:36.507 -> 125084, 0, 114537, 292185, 570, 512.605, 363, 0.638
17:46:36.640 -> 125032, 1, 114662, 292189, 570, 512.612, 409, 0.719
17:46:36.772 -> 125052, 2, 114787, 292202, 570, 512.635, 363, 0.638
17:46:36.872 -> 125144, 3, 114912, 292195, 570, 512.622, 385, 0.677
17:46:37.004 -> 125060, 4, 115037, 292217, 570, 512.661, 443, 0.779
17:46:37.137 -> 125024, 5, 115162, 291720, 569, 512.689, 436, 0.768
17:46:37.270 -> 125100, 6, 115287, 293198, 572, 512.584, 384, 0.673
17:46:37.369 -> 125072, 7, 115412, 292215, 570, 512.658, 421, 0.740
17:46:37.502 -> 125004, 0, 115537, 292211, 570, 512.651, 418, 0.735
17:46:37.634 -> 125104, 1, 115662, 292158, 570, 512.558, 362, 0.636
17:46:37.766 -> 125044, 2, 115787, 292220, 570, 512.667, 409, 0.719
17:46:37.866 -> 125092, 3, 115912, 292712, 571, 512.630, 379, 0.665
17:46:37.998 -> 125048, 4, 116037, 292245, 570, 512.710, 486, 0.854
17:46:38.131 -> 125040, 5, 116162, 292256, 570, 512.730, 506, 0.889
17:46:38.264 -> 125016, 6, 116287, 291677, 569, 512.613, 385, 0.678
17:46:38.396 -> 125116, 7, 116413, 292174, 570, 512.586, 392, 0.689
17:46:38.496 -> 125044, 0, 116538, 292197, 570, 512.626, 373, 0.656
17:46:38.628 -> 125044, 1, 116663, 292163, 570, 512.567, 365, 0.641
17:46:38.761 -> 125120, 2, 116788, 292217, 570, 512.661, 401, 0.705
17:46:38.894 -> 125032, 3, 116913, 292199, 570, 512.630, 419, 0.736
17:46:38.994 -> 125016, 4, 117038, 291723, 569, 512.694, 480, 0.845
17:46:39.126 -> 125108, 5, 117163, 292750, 571, 512.697, 468, 0.821
17:46:39.259 -> 125108, 6, 117287, 292188, 570, 512.610, 391, 0.687
17:46:39.392 -> 124984, 7, 117413, 292192, 570, 512.617, 418, 0.735
17:46:39.491 -> 125132, 0, 117538, 292219, 570, 512.665, 443, 0.779
17:46:39.624 -> 124976, 1, 117663, 291678, 569, 512.615, 394, 0.694
17:46:39.757 -> 125148, 2, 117788, 292706, 571, 512.620, 410, 0.719
17:46:39.890 -> 124996, 3, 117913, 292181, 570, 512.598, 390, 0.685
17:46:39.989 -> 125120, 4, 118038, 292206, 570, 512.642, 398, 0.699
17:46:40.122 -> 125080, 5, 118163, 292733, 571, 512.667, 436, 0.765
17:46:40.254 -> 124984, 6, 118288, 291683, 569, 512.624, 369, 0.650
17:46:40.387 -> 125092, 7, 118414, 292698, 571, 512.606, 388, 0.681
17:46:40.486 -> 125068, 0, 118539, 292198, 570, 512.628, 391, 0.687
17:46:40.619 -> 125080, 1, 118664, 292161, 570, 512.563, 359, 0.631
17:46:40.752 -> 125036, 2, 118789, 291709, 569, 512.670, 433, 0.762
17:46:40.884 -> 125048, 3, 118914, 291685, 569, 512.627, 369, 0.650
17:46:41.017 -> 125124, 4, 119038, 292746, 571, 512.690, 453, 0.795
17:46:41.116 -> 125036, 5, 119163, 292237, 570, 512.696, 480, 0.844
17:46:41.249 -> 125056, 6, 119289, 292188, 570, 512.610, 383, 0.673
17:46:41.381 -> 125024, 7, 119414, 291698, 569, 512.650, 439, 0.773
17:46:41.514 -> 125104, 0, 119539, 292200, 570, 512.632, 387, 0.680
17:46:41.613 -> 125048, 1, 119664, 292671, 571, 512.559, 357, 0.626
17:46:41.746 -> 125024, 2, 119789, 292238, 570, 512.698, 476, 0.837
17:46:41.878 -> 125072, 3, 119914, 291690, 569, 512.636, 370, 0.651
17:46:42.011 -> 125068, 4, 120039, 292219, 570, 512.665, 442, 0.777
17:46:42.110 -> 125120, 5, 120164, 292212, 570, 512.652, 377, 0.663
17:46:42.243 -> 125080, 6, 120290, 292716, 571, 512.637, 409, 0.718
17:46:42.376 -> 125024, 7, 120415, 292218, 570, 512.663, 426, 0.749
17:46:42.509 -> 125076, 0, 120540, 292712, 571, 512.630, 404, 0.709
17:46:42.608 -> 125080, 1, 120665, 292172, 570, 512.582, 370, 0.650
17:46:42.741 -> 124984, 2, 120790, 292208, 570, 512.645, 410, 0.721
17:46:42.874 -> 125100, 3, 120914, 292197, 570, 512.626, 393, 0.691
17:46:43.007 -> 125092, 4, 121039, 292729, 571, 512.660, 414, 0.726
17:46:43.106 -> 125020, 5, 121165, 292719, 571, 512.643, 401, 0.704
17:46:43.239 -> 125076, 6, 121290, 291948, 569, 513.089, 64912, 114.282
17:46:43.372 -> 125052, 7, 121415, 292217, 570, 512.662, 468, 0.822
17:46:43.504 -> 125064, 0, 121540, 292193, 570, 512.619, 373, 0.656
17:46:43.637 -> 125052, 1, 121665, 292177, 570, 512.591, 377, 0.663
17:46:43.737 -> 125036, 2, 121790, 292225, 570, 512.676, 462, 0.812
17:46:43.869 -> 125144, 3, 121915, 292188, 570, 512.610, 410, 0.721
17:46:44.002 -> 125044, 4, 122040, 292201, 570, 512.633, 425, 0.747
17:46:44.135 -> 125068, 5, 122166, 292730, 571, 512.662, 412, 0.723
17:46:44.234 -> 125020, 6, 122291, 292203, 570, 512.637, 424, 0.745
17:46:44.367 -> 125040, 7, 122416, 292185, 570, 512.605, 398, 0.699
17:46:44.500 -> 125064, 0, 122541, 291683, 569, 512.624, 387, 0.681
17:46:44.633 -> 125100, 1, 122665, 292195, 570, 512.623, 419, 0.736
17:46:44.732 -> 125052, 2, 122790, 292208, 570, 512.646, 410, 0.721
17:46:44.864 -> 125088, 3, 122915, 292701, 571, 512.611, 406, 0.712
17:46:44.997 -> 125020, 4, 123040, 292214, 570, 512.656, 462, 0.812
17:46:45.129 -> 125104, 5, 123166, 292219, 570, 512.665, 415, 0.729
17:46:45.163 -> Stepper executed 21500 steps over 26888 ms (2/5 duty)
17:46:45.163 -> Transitioning to state DELAY [2000]
17:46:45.229 -> 125016, 6, 123291, 314749, 614, 512.620, 411, 0.670
17:46:45.362 -> 125068, 7, 123416, 316300, 617, 512.642, 445, 0.722
17:46:45.494 -> 125072, 0, 123541, 316300, 617, 512.642, 444, 0.721
17:46:45.627 -> 125088, 1, 123666, 316273, 617, 512.598, 397, 0.644
17:46:45.759 -> 125036, 2, 123791, 316315, 617, 512.666, 476, 0.773
17:46:45.859 -> 125064, 3, 123916, 316281, 617, 512.611, 397, 0.644
17:46:45.992 -> 125096, 4, 124042, 316312, 617, 512.661, 459, 0.745
17:46:46.124 -> 125032, 5, 124167, 316306, 617, 512.651, 444, 0.721
17:46:46.224 -> 125052, 6, 124292, 316278, 617, 512.606, 436, 0.708
17:46:46.357 -> 125072, 7, 124417, 316289, 617, 512.624, 423, 0.687
17:46:46.489 -> 125092, 0, 124541, 316298, 617, 512.639, 435, 0.706
17:46:46.622 -> 125028, 1, 124666, 316792, 618, 512.608, 408, 0.661
17:46:46.755 -> 125052, 2, 124791, 316304, 617, 512.648, 436, 0.708
17:46:46.854 -> 125056, 3, 124916, 316285, 617, 512.617, 429, 0.696
17:46:46.987 -> 125088, 4, 125042, 316312, 617, 512.661, 478, 0.776
17:46:47.120 -> 125076, 5, 125167, 316319, 617, 512.673, 488, 0.792
17:46:47.153 -> Transitioning to state STEPPER_RUN_CLOSED
17:46:47.153 -> Transitioning to state STEPPER_RUN
17:46:47.153 -> Running stepper in opened direction
17:46:47.253 -> 125044, 6, 125292, 308584, 602, 512.598, 442, 0.735
17:46:47.353 -> 125124, 7, 125417, 292216, 570, 512.659, 416, 0.731
17:46:47.485 -> 124992, 0, 125542, 292198, 570, 512.628, 393, 0.691
17:46:47.617 -> 125140, 1, 125667, 292178, 570, 512.593, 374, 0.657
17:46:47.750 -> 125032, 2, 125792, 292208, 570, 512.646, 409, 0.719
17:46:47.849 -> 125044, 3, 125918, 292214, 570, 512.656, 417, 0.733
17:46:47.982 -> 125028, 4, 126043, 292215, 570, 512.658, 427, 0.750
17:46:48.115 -> 125108, 5, 126168, 292231, 570, 512.686, 449, 0.789
17:46:48.247 -> 125008, 6, 126292, 292205, 570, 512.640, 431, 0.757
17:46:48.347 -> 125092, 7, 126417, 292181, 570, 512.598, 369, 0.649
17:46:48.479 -> 125096, 0, 126542, 292199, 570, 512.630, 398, 0.699
17:46:48.612 -> 125092, 1, 126667, 292188, 570, 512.610, 356, 0.626
17:46:48.744 -> 125032, 2, 126792, 292226, 570, 512.677, 442, 0.777
17:46:48.877 -> 125068, 3, 126918, 292183, 570, 512.602, 392, 0.689
17:46:48.976 -> 125004, 4, 127043, 291707, 569, 512.666, 448, 0.789
17:46:49.109 -> 125052, 5, 127168, 292715, 571, 512.636, 431, 0.756
17:46:49.241 -> 125096, 6, 127293, 292186, 570, 512.607, 412, 0.724
17:46:49.374 -> 125096, 7, 127418, 292195, 570, 512.623, 365, 0.641
17:46:49.473 -> 125076, 0, 127543, 292213, 570, 512.654, 447, 0.786
17:46:49.606 -> 125020, 1, 127668, 292130, 570, 512.509, 322, 0.566
17:46:49.739 -> 125060, 2, 127793, 292226, 570, 512.677, 420, 0.738
17:46:49.871 -> 125056, 3, 127919, 292191, 570, 512.616, 362, 0.636
17:46:49.971 -> 125124, 4, 128044, 292205, 570, 512.640, 381, 0.670
17:46:50.104 -> 125036, 5, 128168, 292240, 570, 512.702, 471, 0.828
17:46:50.237 -> 125012, 6, 128293, 291692, 569, 512.640, 378, 0.665
17:46:50.371 -> 125084, 7, 128418, 292738, 571, 512.676, 420, 0.737
17:46:50.469 -> 125092, 0, 128543, 292175, 570, 512.588, 376, 0.661
17:46:50.602 -> 125080, 1, 128668, 292651, 571, 512.524, 325, 0.570
17:46:50.735 -> 125060, 2, 128794, 292201, 570, 512.633, 359, 0.631
17:46:50.868 -> 125004, 3, 128919, 292170, 570, 512.579, 365, 0.641
17:46:50.967 -> 125064, 4, 129044, 292206, 570, 512.642, 382, 0.671
17:46:51.100 -> 125072, 5, 129169, 291694, 569, 512.643, 403, 0.710
17:46:51.233 -> 125064, 6, 129294, 292188, 570, 512.610, 379, 0.666
17:46:51.365 -> 125104, 7, 129419, 292189, 570, 512.612, 357, 0.627
17:46:51.498 -> 125012, 0, 129544, 291696, 569, 512.647, 381, 0.671
17:46:51.598 -> 125112, 1, 129669, 292194, 570, 512.621, 363, 0.638
17:46:51.730 -> 124992, 2, 129795, 292218, 570, 512.663, 457, 0.803
17:46:51.863 -> 125096, 3, 129920, 291677, 569, 512.613, 356, 0.627
17:46:51.996 -> 125080, 4, 130044, 292765, 571, 512.723, 489, 0.858
17:46:52.095 -> 125100, 5, 130169, 292200, 570, 512.631, 428, 0.752
17:46:52.227 -> 125008, 6, 130294, 292182, 570, 512.600, 353, 0.620
17:46:52.360 -> 125044, 7, 130419, 292213, 570, 512.655, 399, 0.701
17:46:52.492 -> 125092, 0, 130544, 292183, 570, 512.602, 376, 0.661
17:46:52.592 -> 125016, 1, 130670, 291668, 569, 512.598, 421, 0.741
17:46:52.724 -> 125152, 2, 130795, 292715, 571, 512.636, 413, 0.725
17:46:52.857 -> 124972, 3, 130920, 292220, 570, 512.667, 444, 0.780
17:46:52.989 -> 125072, 4, 131045, 292243, 570, 512.707, 486, 0.854
17:46:53.089 -> 125060, 5, 131170, 292245, 570, 512.710, 477, 0.838
17:46:53.222 -> 125072, 6, 131295, 292204, 570, 512.638, 432, 0.759
17:46:53.354 -> 125068, 7, 131420, 291721, 569, 512.690, 438, 0.771
17:46:53.487 -> 125108, 0, 131545, 293209, 572, 512.603, 392, 0.687
17:46:53.620 -> 125016, 1, 131671, 291686, 569, 512.629, 370, 0.651
17:46:53.720 -> 125140, 2, 131795, 292201, 570, 512.633, 379, 0.666
17:46:53.852 -> 124972, 3, 131920, 291674, 569, 512.608, 362, 0.637
17:46:53.985 -> 125064, 4, 132045, 291684, 569, 512.626, 393, 0.692
17:46:54.118 -> 125068, 5, 132170, 292731, 571, 512.664, 457, 0.802
17:46:54.217 -> 125060, 6, 132295, 291674, 569, 512.608, 363, 0.639
17:46:54.350 -> 125052, 7, 132420, 292219, 570, 512.665, 447, 0.786
17:46:54.483 -> 125060, 0, 132546, 291714, 569, 512.678, 436, 0.768
17:46:54.616 -> 125100, 1, 132671, 292162, 570, 512.565, 358, 0.629
17:46:54.715 -> 125084, 2, 132796, 292225, 570, 512.675, 441, 0.775
17:46:54.847 -> 125100, 3, 132921, 292719, 571, 512.643, 435, 0.763
17:46:54.980 -> 125028, 4, 133046, 292448, 570, 513.067, 64857, 113.984
17:46:55.112 -> 125044, 5, 133171, 292217, 570, 512.661, 437, 0.768
17:46:55.212 -> 125064, 6, 133296, 292206, 570, 512.642, 424, 0.745
17:46:55.345 -> 125040, 7, 133421, 292704, 571, 512.616, 394, 0.691
17:46:55.477 -> 125096, 0, 133547, 292190, 570, 512.614, 355, 0.624
17:46:55.610 -> 125096, 1, 133671, 292675, 571, 512.566, 390, 0.684
17:46:55.742 -> 124980, 2, 133796, 291700, 569, 512.654, 396, 0.697
17:46:55.842 -> 125144, 3, 133921, 293255, 572, 512.684, 451, 0.790
17:46:55.974 -> 125008, 4, 134046, 292755, 571, 512.706, 489, 0.858
17:46:56.107 -> 125040, 5, 134171, 292207, 570, 512.644, 385, 0.677
17:46:56.239 -> 125148, 6, 134296, 292185, 570, 512.605, 353, 0.620
17:46:56.338 -> 125016, 7, 134421, 291692, 569, 512.640, 401, 0.706
17:46:56.471 -> 125068, 0, 134547, 292190, 570, 512.614, 390, 0.685
17:46:56.604 -> 125024, 1, 134672, 292159, 570, 512.560, 351, 0.617
17:46:56.737 -> 125124, 2, 134797, 292206, 570, 512.642, 402, 0.707
17:46:56.836 -> 124996, 3, 134922, 291677, 569, 512.613, 373, 0.657
17:46:56.969 -> 125124, 4, 135047, 292212, 570, 512.653, 408, 0.717
17:46:57.102 -> 125012, 5, 135172, 291686, 569, 512.629, 380, 0.669
17:46:57.234 -> 125048, 6, 135297, 292698, 571, 512.606, 382, 0.670
17:46:57.334 -> 125112, 7, 135422, 292201, 570, 512.634, 423, 0.743
17:46:57.467 -> 125012, 0, 135547, 292205, 570, 512.640, 415, 0.729
17:46:57.600 -> 125056, 1, 135672, 291643, 569, 512.554, 362, 0.637
17:46:57.732 -> 125084, 2, 135797, 292230, 570, 512.684, 444, 0.780
17:46:57.832 -> 125092, 3, 135922, 292201, 570, 512.633, 423, 0.743
17:46:57.965 -> 125052, 4, 136047, 292178, 570, 512.593, 360, 0.633
17:46:58.098 -> 125096, 5, 136172, 292251, 570, 512.721, 494, 0.868
17:46:58.230 -> 125064, 6, 136297, 292692, 571, 512.595, 408, 0.716
17:46:58.363 -> 125060, 7, 136423, 292190, 570, 512.614, 363, 0.638
17:46:58.463 -> 124988, 0, 136548, 292215, 570, 512.658, 412, 0.724
17:46:58.595 -> 125104, 1, 136673, 292153, 570, 512.549, 359, 0.631
17:46:58.728 -> 125104, 2, 136798, 292247, 570, 512.714, 473, 0.831
17:46:58.827 -> 125020, 3, 136923, 292197, 570, 512.626, 431, 0.757
17:46:58.960 -> 125092, 4, 137048, 292210, 570, 512.649, 390, 0.685
17:46:59.092 -> 125016, 5, 137172, 292226, 570, 512.677, 412, 0.724
17:46:59.225 -> 125128, 6, 137298, 292195, 570, 512.623, 353, 0.620
17:46:59.357 -> 125012, 7, 137423, 292192, 570, 512.617, 368, 0.647
17:46:59.457 -> 125068, 0, 137548, 291677, 569, 512.613, 371, 0.653
17:46:59.589 -> 125100, 1, 137673, 292189, 570, 512.612, 397, 0.698
17:46:59.722 -> 125048, 2, 137798, 292736, 571, 512.673, 471, 0.826
17:46:59.855 -> 125088, 3, 137923, 292680, 571, 512.574, 366, 0.642
17:46:59.954 -> 124980, 4, 138048, 292254, 570, 512.726, 480, 0.844
17:47:00.087 -> 125108, 5, 138173, 292232, 570, 512.687, 432, 0.759
17:47:00.219 -> 125044, 6, 138299, 291660, 569, 512.583, 368, 0.648
17:47:00.352 -> 125120, 7, 138424, 293253, 572, 512.679, 479, 0.839
17:47:00.451 -> 125060, 0, 138549, 292191, 570, 512.616, 370, 0.650
17:47:00.584 -> 124992, 1, 138674, 292173, 570, 512.584, 388, 0.682
17:47:00.717 -> 125068, 2, 138799, 291692, 569, 512.640, 434, 0.764
17:47:00.850 -> 125088, 3, 138924, 292217, 570, 512.661, 425, 0.747
17:47:00.949 -> 125040, 4, 139048, 292229, 570, 512.682, 427, 0.750
17:47:01.082 -> 125096, 5, 139173, 292743, 571, 512.684, 467, 0.819
17:47:01.214 -> 125040, 6, 139299, 292214, 570, 512.656, 445, 0.782
17:47:01.347 -> 125028, 7, 139424, 291678, 569, 512.615, 422, 0.743
17:47:01.480 -> 125060, 0, 139549, 292227, 570, 512.679, 478, 0.840
17:47:01.580 -> 125148, 1, 139674, 292657, 571, 512.534, 340, 0.596
17:47:01.712 -> 124980, 2, 139799, 292243, 570, 512.707, 481, 0.845
17:47:01.845 -> 125148, 3, 139924, 292190, 570, 512.614, 359, 0.631
17:47:01.977 -> 124976, 4, 140049, 291706, 569, 512.664, 402, 0.708
17:47:02.077 -> 125084, 5, 140174, 291680, 569, 512.619, 386, 0.680
17:47:02.209 -> 125040, 6, 140300, 292173, 570, 512.584, 353, 0.620
17:47:02.342 -> 125088, 7, 140425, 291674, 569, 512.608, 357, 0.629
17:47:02.475 -> 125076, 0, 140550, 292211, 570, 512.651, 389, 0.684
17:47:02.574 -> 125116, 1, 140675, 292189, 570, 512.612, 393, 0.691
17:47:02.707 -> 125052, 2, 140800, 292237, 570, 512.696, 467, 0.821
17:47:02.839 -> 125072, 3, 140924, 292747, 571, 512.692, 477, 0.837
17:47:02.971 -> 125056, 4, 141049, 292226, 570, 512.677, 420, 0.738
17:47:03.071 -> 125028, 5, 141175, 292203, 570, 512.637, 426, 0.749
17:47:03.203 -> 125088, 6, 141300, 292206, 570, 512.642, 380, 0.668
17:47:03.336 -> 125000, 7, 141425, 292221, 570, 512.669, 429, 0.754
17:47:03.468 -> 125108, 0, 141550, 292720, 571, 512.644, 374, 0.656
17:47:03.601 -> 125076, 1, 141675, 292138, 570, 512.523, 324, 0.569
17:47:03.700 -> 125060, 2, 141800, 292745, 571, 512.688, 482, 0.846
17:47:03.833 -> 125076, 3, 141925, 292169, 570, 512.577, 359, 0.631
17:47:03.966 -> 125020, 4, 142050, 292203, 570, 512.637, 437, 0.768
17:47:04.099 -> 125112, 5, 142176, 292702, 571, 512.613, 386, 0.677
17:47:04.198 -> 124968, 6, 142301, 291673, 569, 512.606, 355, 0.625
17:47:04.331 -> 125084, 7, 142426, 292212, 570, 512.653, 414, 0.728
17:47:04.464 -> 125104, 0, 142551, 291677, 569, 512.613, 358, 0.630
17:47:04.596 -> 125056, 1, 142675, 292191, 570, 512.616, 371, 0.652
17:47:04.696 -> 125044, 2, 142800, 292707, 571, 512.622, 401, 0.704
17:47:04.829 -> 125060, 3, 142925, 292208, 570, 512.646, 382, 0.671
17:47:04.962 -> 125080, 4, 143051, 292236, 570, 512.694, 497, 0.873
17:47:05.094 -> 125084, 5, 143176, 292221, 570, 512.668, 440, 0.773
17:47:05.194 -> 125076, 6, 143301, 292205, 570, 512.640, 415, 0.729
17:47:05.327 -> 125008, 7, 143426, 292722, 571, 512.648, 430, 0.754
17:47:05.459 -> 125084, 0, 143551, 292255, 570, 512.728, 491, 0.863
17:47:05.592 -> 125048, 1, 143676, 292678, 571, 512.571, 418, 0.733
17:47:05.691 -> 125020, 2, 143801, 291176, 568, 512.634, 376, 0.663
17:47:05.824 -> 125120, 3, 143926, 292200, 570, 512.631, 372, 0.654
17:47:05.957 -> 125100, 4, 144052, 292715, 571, 512.636, 366, 0.642
17:47:06.089 -> 125004, 5, 144177, 292189, 570, 512.612, 371, 0.652
17:47:06.221 -> 125036, 6, 144302, 292688, 571, 512.589, 384, 0.674
17:47:06.321 -> 125144, 7, 144427, 292740, 571, 512.679, 464, 0.814
17:47:06.454 -> 124984, 0, 144551, 291678, 569, 512.615, 392, 0.690
17:47:06.586 -> 125060, 1, 144676, 292184, 570, 512.604, 382, 0.671
17:47:06.719 -> 125056, 2, 144801, 292193, 570, 512.619, 394, 0.692
17:47:06.818 -> 125092, 3, 144926, 291665, 569, 512.592, 390, 0.687
17:47:06.951 -> 125084, 4, 145052, 291704, 569, 512.661, 400, 0.704
17:47:07.084 -> 125088, 5, 145177, 291234, 568, 512.736, 488, 0.861
17:47:07.216 -> 124984, 6, 145302, 292707, 571, 512.622, 446, 0.782
17:47:07.316 -> 125160, 7, 145427, 292197, 570, 512.626, 386, 0.678
17:47:07.448 -> 125036, 0, 145552, 292216, 570, 512.659, 402, 0.707
17:47:07.581 -> 125024, 1, 145677, 291688, 569, 512.633, 373, 0.657
17:47:07.714 -> 125120, 2, 145802, 292217, 570, 512.661, 409, 0.719
17:47:07.813 -> 125028, 3, 145928, 292704, 571, 512.616, 410, 0.719
17:47:07.946 -> 125012, 4, 146053, 293247, 572, 512.669, 477, 0.835
17:47:08.079 -> 125080, 5, 146178, 292207, 570, 512.644, 447, 0.786
17:47:08.211 -> 125080, 6, 146302, 292202, 570, 512.635, 432, 0.759
17:47:08.344 -> 125108, 7, 146427, 292733, 571, 512.667, 449, 0.788
17:47:08.444 -> 125004, 0, 146552, 292710, 571, 512.627, 389, 0.682
17:47:08.577 -> 125040, 1, 146677, 292155, 570, 512.553, 344, 0.605
17:47:08.709 -> 125092, 2, 146802, 292224, 570, 512.673, 426, 0.749
17:47:08.842 -> 125100, 3, 146928, 292195, 570, 512.623, 416, 0.731
17:47:08.941 -> 125076, 4, 147053, 292764, 571, 512.722, 522, 0.916
17:47:09.074 -> 125012, 5, 147178, 292204, 570, 512.638, 387, 0.680
17:47:09.206 -> 125076, 6, 147303, 292191, 570, 512.616, 400, 0.703
17:47:09.339 -> 125056, 7, 147428, 292204, 570, 512.639, 412, 0.724
17:47:09.438 -> 125048, 0, 147553, 291702, 569, 512.657, 416, 0.732
17:47:09.571 -> 125108, 1, 147678, 292157, 570, 512.556, 359, 0.631
17:47:09.703 -> 125004, 2, 147803, 292216, 570, 512.660, 426, 0.749
17:47:09.836 -> 125068, 3, 147929, 292194, 570, 512.621, 398, 0.699
17:47:09.935 -> 125084, 4, 148054, 292217, 570, 512.661, 422, 0.742
17:47:10.068 -> 125024, 5, 148178, 291705, 569, 512.663, 419, 0.738
17:47:10.201 -> 125064, 6, 148303, 291687, 569, 512.631, 399, 0.702
17:47:10.333 -> 125152, 7, 148428, 292707, 571, 512.621, 384, 0.674
17:47:10.466 -> 125032, 0, 148553, 292214, 570, 512.656, 428, 0.752
17:47:10.565 -> 125016, 1, 148678, 292181, 570, 512.598, 376, 0.661
17:47:10.698 -> 125048, 2, 148804, 291701, 569, 512.656, 418, 0.736
17:47:10.830 -> 125092, 3, 148929, 292184, 570, 512.604, 386, 0.678
17:47:10.930 -> 125052, 4, 149054, 292748, 571, 512.694, 464, 0.814
17:47:11.063 -> 125064, 5, 149179, 292223, 570, 512.672, 424, 0.745
17:47:11.195 -> 125100, 6, 149304, 292186, 570, 512.607, 381, 0.670
17:47:11.328 -> 125036, 7, 149429, 292190, 570, 512.614, 376, 0.661
17:47:11.461 -> 125076, 0, 149554, 291693, 569, 512.641, 391, 0.688
17:47:11.560 -> 125088, 1, 149679, 292690, 571, 512.592, 369, 0.647
17:47:11.693 -> 125028, 2, 149805, 292216, 570, 512.659, 422, 0.742
17:47:11.826 -> 125116, 3, 149929, 292217, 570, 512.661, 429, 0.754
17:47:11.959 -> 124972, 4, 150054, 291692, 569, 512.640, 380, 0.669
17:47:12.058 -> 125084, 5, 150179, 291685, 569, 512.627, 396, 0.697
17:47:12.191 -> 125108, 6, 150304, 292690, 571, 512.592, 381, 0.668
17:47:12.323 -> 125044, 7, 150429, 292198, 570, 512.628, 411, 0.722
17:47:12.456 -> 125024, 0, 150554, 292218, 570, 512.663, 467, 0.821
17:47:12.555 -> 125132, 1, 150680, 292153, 570, 512.549, 371, 0.652
17:47:12.688 -> 125028, 2, 150805, 292222, 570, 512.670, 438, 0.770
17:47:12.821 -> 125056, 3, 150930, 292695, 571, 512.601, 399, 0.700
17:47:12.953 -> 125072, 4, 151055, 292250, 570, 512.719, 491, 0.863
17:47:13.053 -> 125072, 5, 151180, 292198, 570, 512.628, 405, 0.712
17:47:13.186 -> 125100, 6, 151305, 292193, 570, 512.619, 399, 0.701
17:47:13.318 -> 125000, 7, 151430, 291703, 569, 512.659, 385, 0.678
17:47:13.451 -> 125108, 0, 151555, 292711, 571, 512.629, 379, 0.665
17:47:13.550 -> 125056, 1, 151681, 292148, 570, 512.540, 326, 0.573
17:47:13.683 -> 125036, 2, 151805, 292195, 570, 512.623, 401, 0.705
17:47:13.815 -> 125028, 3, 151930, 292206, 570, 512.642, 408, 0.717
17:47:13.948 -> 125080, 4, 152055, 292228, 570, 512.680, 439, 0.772
17:47:14.081 -> Stepper executed 21500 steps over 26888 ms (2/5 duty)
17:47:14.081 -> Transitioning to state DELAY [1000]
17:47:14.081 -> 125104, 5, 152180, 297359, 580, 512.688, 489, 0.845
17:47:14.180 -> 125000, 6, 152305, 316252, 617, 512.564, 362, 0.588
17:47:14.313 -> 125112, 7, 152430, 316777, 618, 512.584, 411, 0.666
17:47:14.445 -> 124984, 0, 152555, 316282, 617, 512.613, 434, 0.705
17:47:14.578 -> 125080, 1, 152681, 316229, 617, 512.527, 361, 0.586
17:47:14.678 -> 125060, 2, 152806, 316316, 617, 512.668, 447, 0.726
17:47:14.810 -> 125064, 3, 152931, 316283, 617, 512.614, 428, 0.695
17:47:14.943 -> 125076, 4, 153056, 316301, 617, 512.643, 439, 0.713
17:47:15.076 -> 125104, 5, 153181, 316287, 617, 512.621, 414, 0.672
17:47:15.076 -> Transitioning to state HV_REG_DISABLE
17:47:15.076 -> Transitioning to state DELAY [3000]
17:47:15.176 -> 125020, 6, 153306, 316261, 617, 512.578, 383, 0.622
17:47:15.308 -> 125068, 7, 153431, 316315, 617, 512.666, 447, 0.726
17:47:15.441 -> 125028, 0, 153556, 315799, 616, 512.660, 464, 0.754
17:47:15.574 -> 125080, 1, 153681, 316278, 617, 512.606, 434, 0.705
17:47:15.674 -> 125120, 2, 153806, 315786, 616, 512.640, 430, 0.699
17:47:15.806 -> 124996, 3, 153931, 316288, 617, 512.622, 420, 0.682
17:47:15.939 -> 125136, 4, 154056, 316803, 618, 512.626, 444, 0.720
17:47:16.072 -> 125080, 5, 154181, 316788, 618, 512.602, 420, 0.681
17:47:16.204 -> 124988, 6, 154306, 316291, 617, 512.627, 449, 0.729
17:47:16.303 -> 125112, 7, 154431, 316289, 617, 512.624, 426, 0.692
17:47:16.436 -> 125048, 0, 154557, 316306, 617, 512.652, 483, 0.784
17:47:16.569 -> 125012, 1, 154682, 316236, 617, 512.538, 359, 0.583
17:47:16.701 -> 125140, 2, 154807, 316304, 617, 512.648, 450, 0.731
17:47:16.801 -> 125000, 3, 154932, 316271, 617, 512.595, 405, 0.657
17:47:16.933 -> 125084, 4, 155057, 316306, 617, 512.651, 442, 0.718
17:47:17.066 -> 125116, 5, 155182, 316797, 618, 512.617, 421, 0.682
17:47:17.198 -> 125008, 6, 155307, 316288, 617, 512.622, 412, 0.669
17:47:17.298 -> 125076, 7, 155432, 316832, 618, 512.673, 450, 0.729
17:47:17.430 -> 125064, 0, 155557, 316321, 617, 512.676, 470, 0.763
17:47:17.563 -> 125060, 1, 155682, 316257, 617, 512.572, 379, 0.615
17:47:17.696 -> 125048, 2, 155807, 316291, 617, 512.627, 401, 0.651
17:47:17.795 -> 125064, 3, 155932, 316800, 618, 512.621, 444, 0.720
17:47:17.928 -> 125080, 4, 156057, 316311, 617, 512.659, 455, 0.739
17:47:18.060 -> 125028, 5, 156182, 315791, 616, 512.648, 440, 0.715
17:47:18.060 -> Transitioning to state CHUTE_TRIGGER_WAIT
17:47:18.060 -> Transitioning to state DELAY [1000]
17:47:18.193 -> 125036, 6, 156307, 316252, 617, 512.564, 398, 0.646
17:47:18.326 -> 125096, 7, 156433, 316279, 617, 512.608, 449, 0.729
17:47:18.425 -> 125116, 0, 156558, 316805, 618, 512.629, 429, 0.695
17:47:18.558 -> 124996, 1, 156683, 314965, 614, 512.973, 65147, 106.276
17:47:18.691 -> 125052, 2, 156808, 316287, 617, 512.620, 409, 0.664
17:47:18.823 -> 125092, 3, 156933, 315788, 616, 512.643, 427, 0.694
17:47:18.923 -> 125096, 4, 157058, 316302, 617, 512.645, 418, 0.679
17:47:19.056 -> 125080, 5, 157182, 316295, 617, 512.634, 414, 0.672
17:47:19.056 -> Transitioning to state CHUTE_TRIGGER_VERIFY
17:47:19.056 -> Transitioning to state DELAY [1000]
17:47:19.189 -> 125036, 6, 157307, 316776, 618, 512.583, 397, 0.643
17:47:19.321 -> 125040, 7, 157433, 316285, 617, 512.617, 400, 0.649
17:47:19.421 -> 125056, 0, 157558, 316296, 617, 512.635, 442, 0.718
17:47:19.553 -> 125040, 1, 157683, 315731, 616, 512.550, 381, 0.620
17:47:19.686 -> 125108, 2, 157808, 316817, 618, 512.649, 458, 0.742
17:47:19.818 -> 125028, 3, 157933, 316295, 617, 512.634, 454, 0.737
17:47:19.918 -> 125072, 4, 158058, 316319, 617, 512.673, 461, 0.748
17:47:20.050 -> 125104, 5, 158183, 316296, 617, 512.635, 438, 0.711
17:47:20.050 -> Transitioning to state ELECTROMETER_DISABLE
17:47:20.084 -> Transitioning to state DELAY [500]
17:47:20.580 -> Transitioning to state 12V_REG_DISABLE
17:47:20.580 -> Transitioning to state TERMINATE
